1.404189867389052937e+00
1.487761884223276931e+00
2.053391577330474949e+00
1.224754755647161408e+00
4.127735703699646486e-01
1.184259490441298635e+00
1.925345976021108463e+00
2.071194199652533818e+00
8.032896608212086731e-01
1.727548240526796341e+00
1.351469643673463450e+00
6.027038736346885806e-01
2.238272088303126850e+00
7.393192644793287194e-01
2.203787317256641121e+00
5.348826359408787035e-01
2.438355903846301853e+00
1.661832732687299030e+00
2.263814206524275452e+00
2.008517858244255994e+00
