1.596936134826403908e+01
3.134791931829972356e+01
9.301225504992709148e+01
2.096285326436678886e+01
6.481151211847372906e+01
2.777547557569375414e+01
1.116892093173880767e+02
1.885394704870928706e+01
7.676968426272820523e+01
5.575915729599643100e+00
7.241613210286058688e+01
2.339492849420093279e+01
8.780614188081462146e+01
1.210497185438236656e+01
9.844861562882766748e+01
1.962127461887991586e+01
9.634552754866373903e+01
1.551421506988887167e+01
8.133950417211133299e+01
2.502364536570091502e+01
7.374112608436723804e+01
1.703938512923658877e+01
1.021084914658528646e+02
2.149787961909808232e+01
1.266353520947617426e+02
2.909454264647213151e+01
7.667285133691015631e+01
2.466282517040591671e+01
6.700955381822141987e+01
1.323066635574308947e+01
1.012101365935234298e+02
1.884919289459316616e+01
5.640287108372920244e+01
1.973685966632076116e+01
1.289741557029310570e+02
1.492691531471163380e+01
6.168900468753529509e+01
1.719629029347444060e+01
4.818312668501809526e+01
2.294852679233709480e+01
8.785468680055751634e+01
