9.674445824077768066e+02
6.767994934267442204e+02
5.319546126213817843e+02
1.335904986284496090e+03
2.433507492326391457e+02
1.206675047776283691e+03
2.992430543353974031e+02
1.203412973607789354e+03
1.186990885456571277e+03
8.120439002522538203e+02
4.828694323002126794e+02
4.756062305329176070e+02
1.117489690258832979e+03
1.440971335797496749e+03
2.608560227494683659e+02
9.555639580718535342e+01
1.602727981404416596e+03
3.638644849671363772e+02
1.184353923652019148e+03
9.307917284692094881e+02
1.363933516589398550e+03
6.017242059395307479e+02
1.432185295826012918e+02
4.093658270215320499e+03
9.781853114322899501e+02
1.178767486214977225e+03
4.970202859269487021e+02
3.835762126067342592e+02
2.500732642829530334e+02
9.257859433869482473e+02
1.233081671791207555e+03
6.920262354371710671e+02
1.442703346222344862e+02
7.812403090503091789e+02
2.844155646015476577e+02
9.228368312627992509e+02
8.539458812514593546e+02
3.824092506355605110e+02
4.080670032173084110e+02
3.347408467091644866e+02
1.151575409119546748e+03
1.021843119217363778e+03
5.807584010859025057e+02
7.471357882273446194e+02
4.682327913108995858e+02
6.887617141948194330e+02
7.499376435937790575e+02
1.466675373789837249e+04
5.841139024327936795e+02
6.426211402758790427e+02
9.877440871533033260e+02
5.442220785881576717e+01
2.728492072812196625e+02
6.767681524298454860e+02
1.131587745970160768e+03
6.139306965592459164e+02
1.038081568112596642e+03
4.301910211935042753e+03
2.618670965845887508e+02
5.309994600305989252e+02
9.957260615860526514e+02
5.836436870431721218e+02
2.594461999380185944e+02
2.271146612622652810e+03
1.128812797860148976e+03
2.578257607120407329e+02
8.688473069624250229e+02
5.736431258258888874e+02
1.102440855758830821e+03
1.338489472101458432e+03
2.271639868854275335e+02
4.291791277628995886e+03
1.029755759118009337e+03
3.272525766332099693e+02
4.644978399794147208e+02
7.575451641725517220e+02
8.651315923981644573e+02
9.255258184816535731e+02
8.452689231770619926e+02
9.672329731387037555e+02
1.267161544262551615e+03
1.308871989289346402e+03
7.301438369743640351e+02
1.141855927828951508e+03
4.898691118889676233e+01
1.220469374470615094e+03
5.303599148212713317e+02
1.484394772495782490e+03
9.446586101740325603e+02
9.048375309980924612e+02
1.351263340433913072e+03
8.077348893548650040e+02
4.140043842294211345e+02
1.067113469052427206e+02
1.161679857838995986e+03
1.018502539616542890e+03
2.359076222042933750e+03
1.734752460402349357e+02
8.640591447230445965e+02
1.110016800322867766e+03
1.400373301331736684e+02
7.189668663628422109e+02
1.107778142885332727e+03
1.605665464185911731e+02
1.155520657805409883e+03
5.224692232055900121e+01
3.945634828611728153e+02
8.462274445594824783e+02
7.100797262206790492e+02
2.312079514195937122e+02
1.010881466945053717e+03
3.588811352410705240e+02
5.868793381037171457e+02
1.787731600530844662e+04
7.473800286695889099e+02
8.531374516412334970e+02
6.111245923592181271e+02
2.240350628539218860e+02
5.375621716263528924e+02
7.582409896800462548e+02
1.051181533319961545e+03
2.528027720128617943e+02
2.157975363269752336e+02
4.083415217950067699e+02
3.143627298210712411e+02
2.407171464356695623e+01
3.429770600156282967e+02
1.509727772130500796e+02
9.317898591566605546e+02
2.944368652103132149e+02
6.910404247147746446e+02
9.704283404021761044e+02
4.752713125726043586e+02
1.377273552654218292e+03
1.826199287523499515e+04
9.086769138322252957e+02
6.715464067620189326e+02
5.882433152664231102e+02
5.218157829403793357e+02
1.149703922452816869e+03
2.506049159173413955e+03
8.312288064793736453e+01
8.952107196852325615e+02
4.832564951669771176e+02
2.454937037728155929e+02
2.037264798018529746e+02
1.105204118920730139e+02
3.174488945893766072e+02
7.864192447308439569e+02
1.688996902522497840e+04
6.259598203389816717e+02
6.456843286856352506e+02
9.281001049734962294e+01
6.482612140367490383e+02
1.212999614416308759e+03
7.028352931564111259e+02
2.644127097932001220e+02
4.615277802498427917e+01
6.647777617428608892e+02
3.087952946373531518e+02
5.640535744074835520e+02
2.444408146479260893e+02
2.900745019756298916e+03
2.964543759346667230e+03
9.402426027046634545e+02
6.096992827451332460e+02
1.015823824123544227e+03
4.788625997271885240e+02
8.232383564132313722e+02
9.463025629557199636e+02
1.213463797536149968e+03
2.406732035189230317e+02
3.571171952435402090e+02
5.118695023497757575e+02
4.109804733549059392e+02
7.920159284726204305e+02
3.381749994471779246e+02
4.897362860223085477e+02
1.784592243330201427e+03
6.388743160051059249e+02
2.008189074129962250e+02
3.948806121629547761e+02
4.648015085618528701e+02
4.076439333312786744e+02
5.291762256893244967e+02
3.647599677994234639e+02
1.774711760947323273e+04
2.848119991840067087e+02
1.449568148887303323e+03
2.006375072822277161e+03
4.741194173447381672e+02
5.501581685282218132e+03
1.016359149295822590e+03
7.886454215778998105e+02
2.430816570429897752e+02
2.265439850638892381e+02
1.350884180006177928e+02
5.213323156458753829e+02
2.193170559390104245e+03
4.983365004427743088e+02
1.909196976732501696e+02
4.698037999220563847e+02
6.882370549993040640e+02
6.307780562266844981e+02
7.386783306899453692e+02
4.066944692910633421e+02
3.074901403378709688e+02
3.710843842501809036e+02
9.025690400347327795e+02
5.294680958140054372e+02
5.947209678188307862e+02
2.317144746347085857e+03
1.112294454558392772e+03
5.660501520181890101e+02
6.939241849857302213e+02
1.584237245795592571e+03
5.947363781299993661e+02
1.024329297940991808e+02
1.195374195314941971e+04
7.164889379236108198e+02
2.144170019584748559e+02
3.133029240058614278e+02
1.159382788296579605e+02
9.409254354126426279e+02
3.569363915402836085e+01
8.860575419620363391e+02
2.469377445851386437e+04
2.363885151651986405e+02
1.013129137682600344e+03
5.762807360248383475e+02
1.745752348172745201e+02
1.064129414685254915e+03
2.014877182612528941e+02
1.255829174079238868e+02
8.912482777154110636e+02
3.745956654808720714e+02
3.053306931833972726e+02
3.740195557705791316e+02
1.143412958439598697e+03
5.838479253083079357e+02
6.491252394412845206e+02
1.228728016208932274e+02
1.001146641932036073e+04
1.195520207630571167e+04
9.524225486861540446e+01
2.533934651228329130e+03
6.748835626625002533e+02
1.825804967520469404e+02
3.392837436227237049e+02
7.470130576395108619e+02
2.007417432305965974e+02
1.269131707536416371e+02
7.535487937745673435e+02
6.197242572355902439e+02
1.538560680209549787e+02
2.369920467855015431e+02
3.193554657634254568e+02
1.921831581891332235e+02
3.569668779177378610e+02
5.808969116326444464e+02
7.251602938067823061e+02
4.819547817853824654e+02
9.110706045215486029e+02
5.468333816157082765e+02
7.081501796087731009e+02
4.313494904423366734e+02
3.275651675718061711e+02
1.965946167529345416e+02
8.648602551213147080e+02
2.871964937176653052e+02
1.162667915384014350e+02
3.905126708415103622e+03
4.197206181902403159e+02
2.615934661429135667e+04
4.498969062361193778e+02
1.139892713874245942e+02
2.059033199721343408e+03
1.562666083551620204e+02
5.953342080969689931e+01
4.751582449017273575e+02
2.420329908396523706e+02
3.090227625211123836e+02
7.350508726983975976e+02
1.747018214601619377e+02
2.784576435622674353e+02
2.410553198952898128e+03
4.215194743091489613e+02
9.063170768885938742e+02
7.063431567748706641e+01
1.504923598125879494e+02
9.745879472108605341e+02
6.378472578018599961e+02
9.855220532954983810e+02
8.615718256090630121e+02
7.879491566827363158e+02
2.723991295087938397e+03
1.236354678417773584e+03
3.864447910157908268e+02
5.768637749319706245e+02
2.152605295741619557e+03
8.967059994353554941e+01
6.501495359637531237e+02
3.651467134000228043e+02
3.469451153339051075e+02
6.003131658586707431e+01
9.135383217301825880e+02
5.409461942507631704e+01
8.177448179510382715e+02
2.991468960396740044e+02
5.778485570195000491e+02
3.688217654123311604e+02
4.442795472322834485e+02
4.294358132633770992e+02
4.545910550211581125e+01
3.959522538286373674e+02
4.022500600376829993e+02
2.717395924635556526e+02
7.955669331755215126e+02
3.542668317901502064e+02
1.370172692702339248e+02
1.103860438851883714e+02
1.513731070911387917e+02
5.912512694955918278e+02
1.573660672759159809e+02
6.226757266325887485e+02
3.766335417861415067e+02
1.220227091912312062e+03
9.668896099712995351e+01
1.721151583661173572e+04
3.644648906298622251e+02
3.715135301893058681e+02
3.696917688973448435e+01
3.465883571922054784e+02
7.545745328224743389e+02
2.778729615278894585e+02
4.974027306725702147e+02
4.012882724495024718e+02
2.316657825471943681e+02
1.638971589044382426e+01
5.138224465526690210e+02
5.921298598712940020e+02
8.565951476577137669e+01
1.132197618924371483e+02
1.372252495599613837e+02
1.607046246728366725e+02
5.161597252196941099e+02
4.787945135165874717e+02
1.183019425048443964e+03
2.375782781675450295e+01
7.225296269258307120e+02
1.898679157520112071e+01
6.487962601673566496e+02
1.102414045207348636e+03
7.984442449255725478e+02
5.475746919788556397e+02
2.785836046311030714e+02
3.307281411916486036e+02
3.467857241292994104e+02
6.986466425561264941e+02
7.881259780526258965e+02
1.339551809826445492e+02
7.652674256206894121e+00
3.999471709187146757e+02
6.574924821115954501e+02
4.767352199536777562e+02
8.007806351261582734e+01
3.010296930259773944e+02
1.175263550477069714e+02
4.895862716665603330e+03
3.117878812470797811e+02
8.002602556156002720e+02
3.845311691906136957e+02
1.352198264890114388e+01
1.355709257198980424e+02
3.692982925431776664e+01
7.468135247211346723e+03
2.115732747655609273e+04
8.384641625328112013e+01
9.441456002651646486e+03
9.096128444130679327e+02
7.002028989647952812e+02
6.256487257552026904e+02
4.153817926817590092e+02
9.961046003242485085e+02
5.480191155599577542e+02
2.170340929033448845e+02
3.454288314379992926e+02
5.399351237309002727e+02
4.619510606612072365e+02
3.657290522315676640e+02
1.223047339079456606e+03
8.603436251179649844e+03
6.113848864599448234e+02
1.810516049130376632e+04
1.063453184072166323e+03
7.822518341815509757e+02
7.265946174288850443e+02
5.989766451948910344e+02
1.263722607210848537e+03
1.067971873974478711e+02
1.359878909442522286e+02
7.966358730449141490e+01
1.954307825601610205e+02
4.878450374041990472e+02
9.863819187403622664e+02
5.571876435024333887e+02
1.419636776955728976e+02
3.742647619680244588e+03
4.059489861153797392e+02
6.067872189760948913e+02
1.323804690631022574e+01
9.784346584319837348e+02
1.081778916334226778e+03
5.604218523195926309e+02
1.197290351958794963e+04
5.957863187469487229e+02
2.294312487644554324e+02
3.579524152626451610e+02
2.323657262642490196e+02
2.722320090546667757e+02
7.973284327448265003e+02
2.011113318426257024e+02
2.063082196417513501e+02
7.514651870778274088e+02
3.931160156633331439e+02
2.467837096598362052e+02
1.775567624963558046e+03
1.201980405326190066e+03
8.469635622992639128e+02
1.381534067442475816e+03
3.237935616947742346e+03
7.416380242982096433e+02
3.368512485689509504e+02
6.885426333785341058e+02
1.137524558646662598e+02
7.855284245401171006e+01
4.879999670374585463e+01
3.351945627423433507e+02
9.051917746881052835e+02
1.287412102028374647e+02
4.400920410207079954e+02
4.301637921639438900e+03
6.483805630877440080e+02
4.403568994797561800e+02
5.221287505853139237e+02
9.023712243478545361e+02
6.013000362403655572e+02
1.009941440621962442e+03
5.072942486554092625e+02
2.238146531241830530e+02
2.453264715760797401e+02
9.553069710847034912e+01
1.240917594504830959e+02
1.594933896615443132e+02
4.636327780023595551e+03
3.921844023628909213e+02
7.051293823355199208e+01
5.442161061076557189e+02
6.840984639032247969e+02
5.940544021429110444e+02
2.369149859819594440e+03
4.152606297011484457e+02
4.101771401232348779e+01
1.528795958211708808e+02
3.772378216283091490e+01
1.897242668205873883e+02
5.086359154512624627e+02
7.451990727968986903e+02
1.896629932456902736e+02
9.159473490211149738e+02
1.118901896064921004e+02
3.257353185973238965e+02
2.204192566676313800e+04
4.462043733092282878e+02
2.324323670795287171e+02
5.307882768554914037e+02
4.721176079182741603e+01
6.849173565109927040e+02
3.746849907187147437e+02
8.682014845103309426e+02
5.834381078910071210e+02
3.721695724880594867e+02
3.700952122156894575e+02
2.769466454951159903e+03
4.742355098933512636e+02
3.409186660532844257e+02
1.397393309959910290e+01
7.096931772007526718e+01
5.214150401222791515e+02
7.729594210994947616e+02
1.602318736925134317e+02
3.388961199119206640e+02
6.607726518799267978e+02
5.409940788103754130e+02
4.965958540711009732e+02
1.673039887584070675e+04
2.861994560635913558e+02
3.725436515471538712e+01
9.296821271289148854e+02
4.529485554092349844e+02
1.856506343644120989e+02
2.603626214588726384e+02
1.947134860130033076e+03
2.111963563887574651e+02
3.324026439882799764e+02
6.860296598662372389e+02
8.302531699526776947e+02
3.905033843106859877e+02
7.748207811862819653e+04
5.335205997435588188e+02
8.159442808824931035e+02
5.787672839360449871e+03
3.963143086914939204e+02
4.190869800640199969e+02
4.603544968743638037e+02
1.279627932094112737e+02
2.262564795109139595e+04
9.277562659221860031e+02
2.709149250990498331e+03
8.120603940208940230e+02
5.487797906878525964e+02
5.669662659040264998e+02
1.517092173995328722e+03
1.154130976985390953e+04
3.877207560511011479e+02
7.264743163372851313e+02
4.675618624252624613e+02
1.262602445715446464e+02
1.057391393341792764e+03
6.142217827668717973e+02
4.054924768139422895e+02
8.529602751947364823e+02
1.777178048645029946e+02
8.821413968246281456e+02
6.610339551329157075e+02
1.227703182442068481e+02
3.717935435137430886e+02
1.817219468144213863e+02
2.141134726663972572e+02
6.831847500554506496e+02
3.971235009634927451e+02
2.577268528508784016e+02
1.890905875683094166e+02
5.034735539390363783e+02
3.429814866673321490e+02
3.349145372059321062e+02
3.581944023273426865e+02
2.127848719488856943e+02
1.571228800449505911e+02
8.372557852432535697e+01
5.980692454847660429e+02
3.273566347370481253e+02
7.108675014782045309e+01
1.003699320284668204e+02
7.307784169126368568e+01
6.288208783570127025e+02
1.639020847877403355e+02
5.623278064164435364e+01
4.986529022102446902e+02
5.786009478790327876e+02
2.487329711026569257e+01
6.242039759349852091e+01
2.024451122299479175e+04
1.766876151456204127e+02
1.129855410200198946e+02
8.875861892931682178e+02
9.894004307742197852e+02
3.711637158834619754e+01
5.925409163733610285e+02
5.482223777696561484e+01
5.107764148624301583e+02
3.641704757918364521e+02
1.092888095747513262e+03
5.673072511879819331e+02
4.855587675505138634e+01
2.703300914318231207e+02
1.165706467718723260e+01
2.773892618196784383e+02
6.140400716746042917e+02
2.037544103575774841e+02
5.522873133276276576e+02
9.460060057055108018e+01
2.901951247737171434e+04
5.387927650801655943e+01
3.376140310914605038e+02
1.134424098714223277e+02
2.390098169346636325e+02
5.008771081696247052e+02
5.059975607713528234e+02
6.405544898967995096e+02
2.095005256702838778e+02
2.201711063278403344e+02
1.390364094712936378e+02
3.845118920118777623e+02
3.794300226501741804e+02
2.172950333399696490e+02
1.877490564340217816e+03
4.915632989203821808e+02
4.642699539920698157e+02
3.416370483316511582e+02
5.654179623227594931e+01
2.427638210399519210e+02
3.762479955474963731e+02
8.560049540597618716e+02
3.551090016172617538e+02
7.849414537457056440e+02
2.187252820451961952e+02
2.693375474695156754e+03
1.992834849447751253e+02
6.420605920554194768e+01
5.032546798505129715e+01
4.172446752445894163e+02
6.493987821612715834e+02
2.576100089827752413e+02
6.541397084690413521e+02
2.104679845413552925e+02
4.476883919591614927e+02
7.058215670867239169e+02
5.015763740820714816e+02
1.657692408605084893e+02
7.335633758955985286e+03
2.565965385032509403e+02
2.814392786302829563e+02
6.567325045849269145e+02
2.962797461199295412e+02
5.320757033486854652e+02
1.103346107248549544e+02
4.183422700603804145e+01
2.209074444087884714e+01
3.357054198996661967e+02
7.829937377958485740e+02
2.615220108285443246e+01
1.682756516547781800e+01
9.474335779890979836e+01
3.221753206480432823e+02
9.425508157625789352e+01
3.025196557329332450e+02
7.518507284585631112e+01
3.407096721176380925e+02
1.469038168337220327e+02
3.377236477975421280e+02
6.502678349452871771e+02
9.628883787544683770e+00
2.639875443228653239e+03
7.036911329605663923e+02
2.334949895819950427e+02
6.115358905345679119e+01
8.400518604062428494e+03
3.711806197639268703e+02
2.623738061445874700e+04
8.033060020647822341e+01
7.932078203355265700e+00
1.209948731538108859e+02
2.969572088435415367e+02
7.976501051565636544e+02
2.983353944538577096e+01
6.423078488794392342e+02
1.080862022658023989e+02
9.044447506925462221e+01
1.053413817992493932e+03
1.504729495609516121e+01
4.243999240338492882e+02
6.537898927952161102e+03
1.241932531686053665e+02
2.202533203154682724e+02
3.989771557409022762e+02
2.561859094118061080e+02
2.127247708918672652e+04
4.302436948471912501e+02
5.046474393097875009e+02
1.286035728742271203e+03
6.582261028908385470e+01
2.444083401384777119e+02
1.016823858205328079e+01
1.002844218609952236e+02
7.870038792129705030e+01
2.232890346721416819e+01
6.717488485718577067e+02
1.583924326318077362e+02
2.028236139338991961e+01
3.978581697808523927e+02
6.937285530697433842e+02
1.869582134528054382e+02
2.476785064229900968e+01
5.852989505463583555e+02
3.407118901476916903e+02
1.299783550947688298e+02
3.104428211652591330e+01
6.057718833027672645e+02
1.155182664709362150e+01
9.149278979224775412e+02
4.033867650291361997e+02
5.019447336496287789e+03
9.864080595377198790e+01
6.968333672506051926e+02
1.490821151682108848e+03
1.417461643149177064e+01
1.124915059444493011e+02
4.398339844188760708e+02
1.571556609121339716e+04
1.899026162389831995e+02
3.714854830859862744e+01
1.417407966834356330e+02
2.923238335234120200e+02
8.667604156621267464e+01
7.139602608393333583e+01
4.165849067410690054e+02
1.724130022992627431e+01
3.005249310363089421e+01
6.456012104225773385e+01
1.886868070010925749e+03
8.723637233990270943e+02
1.289525725447674809e+01
3.359981094259670499e+03
1.435337370718240777e+02
7.153480887563024737e+01
6.595548187263765385e+02
5.432808636416539230e+02
8.022653842052288383e+03
1.863460319462348878e+02
2.781799190653562619e+04
7.337382897905777668e+01
5.858557422390776992e+02
1.050599602633364924e+02
6.177211277182095728e+02
2.669123175035081772e+02
4.436427838887556732e+02
1.199202478572039752e+02
1.549448111412187609e+04
8.063619327171420537e+01
1.107626459129755574e+02
3.326361657123975988e+02
8.427141667693315412e+02
8.222872525924161664e+02
1.265068785664509232e+04
7.297161033218455941e+02
2.895791955938307183e+03
9.572564916593465512e+01
1.208375563457802400e+03
7.012499358097833237e+02
2.039565664162481085e+02
1.093002832623398717e+03
2.410392222605381448e+03
1.257442545076908829e+02
2.494724368572377102e+02
3.018369847662092411e+02
2.699536833245976482e+02
1.844916907058228901e+02
2.444699674749311953e+02
2.117983212890347659e+03
5.098322110260671707e+02
5.254340186337782370e+02
8.234228549507608932e+02
7.544144090872965171e+04
6.671328284735885745e+02
6.937512183916404638e+02
5.540035213665531728e+02
4.224703146850957864e+02
9.841009812936017624e+03
2.247351724408717359e+02
3.203537221975448119e+02
5.099314113075145087e+02
3.290084663861134686e+02
2.361277045791414935e+02
1.102443503311753972e+02
1.629674108272934347e+02
2.179692296343893076e+02
6.478210961331983526e+02
3.838652680295247137e+02
3.726601370447553450e+02
8.804045129153895743e+01
1.126909481498594943e+02
1.381496663781524319e+02
9.537484712964800337e+01
2.014312987721469597e+02
2.363918786589228489e+02
7.560650855480687369e+02
1.694826891938650704e+01
1.566276672574270989e+01
3.002665785216507288e+02
1.544504510400651611e+02
4.775814321696451970e+01
6.900740646756253227e+02
1.516404331493215523e+02
4.609005899121130483e+02
1.529887151927336220e+02
2.341753268087732920e+02
2.657969910269260367e+02
1.352408602943321512e+02
4.011483509514418984e+02
3.547517088398885932e+01
3.726823387298007617e+01
1.378483308448493574e+02
6.381099454933125799e+02
1.183210267430312967e+02
2.535813055463961973e+03
1.937673406257589249e+03
1.976056461958804675e+02
3.175536671551017776e+02
6.559398165077196552e+01
1.542217042568408942e+02
5.576776486478928518e+02
1.762332490560576161e+02
7.368295113615724858e+02
2.387995797182907700e+04
5.835585868878799687e+01
5.867910267627516987e+02
2.910282337004875330e+02
2.500549496016963531e+04
1.672889438676452528e+03
2.882705087378493545e+02
4.504545886242440389e+01
5.709106827024395443e+02
4.291943613510765090e+02
3.115497156069767826e+01
7.335090073579366390e+02
1.082085437208624512e+02
2.867042265713888582e+02
2.386202913926576343e+02
8.696943996506547592e+02
2.769208344426687063e+02
2.598118844169177464e+04
4.844809552188714292e+02
3.711425578294405341e+02
5.255396919075902673e+01
6.840897417922328714e+02
5.684785981867484139e+01
2.286064558624589438e+02
3.260439218891271480e+02
1.697637903618468727e+02
4.110984934232395744e+02
9.961630864934846841e+01
4.529506017056752967e+02
2.005118000843547321e+01
1.044676104544666487e+03
6.115290380060226028e+01
4.305920690797392325e+01
1.457380195855299974e+02
3.868093188295773643e+01
4.222716073787323694e+02
5.597935419683862079e+01
6.848736533374382134e+02
5.294670661743131035e+01
5.183320037397429587e+02
2.562712382240022180e+02
1.534673269002605309e+02
1.043154413314161957e+03
5.462408590572432132e+01
2.403814387871229741e+01
1.165649744510923540e+02
3.409659557609840022e+02
9.290472696756634718e+01
8.579779500353191679e+01
2.803771245908373544e+02
2.147163794727915729e+02
2.152906318063482104e+03
1.111902272888408447e+02
1.775043274509778485e+03
2.301381890793205002e+03
4.556673690861809405e+02
5.110819348050858366e+02
2.957334596870401242e+02
2.217714329406354921e+02
1.393834630043094194e+02
7.732283278213345511e+03
2.598424179739887450e+02
1.303545531195077558e+02
4.594402470983079070e+02
6.462272328654592002e+02
3.608842450014441283e+02
7.622695151489067484e+02
5.032844596802767114e+02
1.117289250911309466e+02
5.984908342235252121e+02
3.281049883131013871e+02
1.727995879347420072e+01
3.587455458842247680e+01
2.381036237012010304e+01
2.292686828466220845e+02
7.215778384715548555e+02
8.474975802017745536e+02
2.444557526536415821e+02
3.755337837134999859e+02
1.853008835967229118e+02
1.813952871950592112e+02
1.334030321748452650e+02
8.272644677342814248e+02
1.220600613449013144e+04
1.447838468333634694e+02
2.175107919480610121e+02
5.156015848837624844e+02
5.564318793756470427e+01
5.585212269144286701e+00
3.111816981072443156e+01
4.672162565893947317e+01
8.412540407599713888e+01
1.261544634208524940e+02
1.004795130460597505e+02
2.590288302824761786e+02
2.290922512442149639e+02
1.068954601729525393e+03
2.563376724410147176e+02
1.683037682319552530e+01
1.038244188021568561e+02
3.134397759234388658e+01
6.333636722371812766e+02
2.317487594847366665e+02
2.856998663626046664e+02
4.261415770696796557e+01
2.525885731182105189e+02
6.651623447440085783e+02
2.424456747559211180e+02
2.690893657544361872e+02
1.165786815875563889e+02
3.921204812652468519e+01
4.257206745089043807e+02
7.177125287885154421e+02
5.137458010589930382e+02
6.503251445928633530e+02
6.080240444579214909e+01
1.538797585176872040e+01
1.253697269896441924e+01
6.961005815185322945e+02
3.706744691921835511e+01
7.244112805863987603e+01
2.689139365395209325e+02
1.056652068091199510e+02
1.270715175660338900e+04
6.002441023321873672e+02
3.069069804304495506e+02
1.163035884309651991e+01
3.408631397966124865e+01
1.217899656308344129e+04
5.972939200491739484e+02
4.809553333485417852e+02
3.259304993846470211e+01
2.354837222695568641e+02
4.831209192698018455e+02
4.754774365758154886e+02
3.798528390392787060e+02
1.774942877057031865e+02
1.931483164589736745e+01
5.911250344070618894e+02
8.705239415521265300e+01
3.124832037731474657e+02
1.810725636233649493e+04
5.657641079887955016e+01
1.131677589049694461e+03
2.103803184168814084e+02
1.849456901675701204e+02
3.628883784755225150e+01
4.486899466984245919e+02
6.052683747693588430e+02
1.350898797614802334e+02
1.333494090913857519e+02
1.626483245889464513e+01
4.768329899765731739e+02
2.199631794147015853e+02
5.829790469435165505e+02
6.043370716287365667e+02
8.162591976370040356e+02
4.157117153781414913e+02
5.885764553409880051e+01
4.675753398520695328e+02
8.578600616055945238e+02
7.619797466523968410e+01
1.223989139705083140e+01
9.554677067816094223e+02
4.565000199590665488e+02
3.092729000168686326e+01
3.523921934210991367e+02
3.383527821666668842e+02
1.048975733086090941e+03
2.745830578915151818e+02
8.244931821434598760e+02
3.576161067294016505e+01
1.302793100858924618e+02
9.351643616860526720e+01
5.829904389510916189e+02
1.146417183403714546e+01
6.000404429184079163e+03
1.918154453349697803e+02
3.919267690003430289e+02
2.009789951374452244e+02
2.862690301569767598e+03
1.152640716197033868e+02
2.167883386741314666e+02
3.388805524808313976e+02
7.161978640366768332e+02
2.044474015350969694e+03
2.355160669579057924e+02
2.788786083847316490e+02
5.102141308992042923e+02
2.298366841716355339e+04
1.426593300676448166e+02
5.863759607836936993e+02
6.478933406581851386e+02
5.679320450887288416e+02
4.207838694178724950e+02
6.513936144554902796e+01
4.612003383473630720e+02
6.349576656547070996e+01
5.026494042889038383e+02
3.797789228482740782e+02
8.337618896320901740e+01
5.853012841594958218e+02
9.310798771242536986e+02
3.848623653738587564e+03
6.380444724126757592e+02
7.279894926995385163e+01
4.993399620728002333e+02
1.549797525903722430e+02
1.771180089651104936e+04
2.579524616154146699e+01
7.376633740514248530e+02
8.573517316444233529e+02
2.953096904027003688e+02
8.800758549162960520e+00
2.995806454148112152e+02
2.993368498694929372e+02
1.343607507101101248e+02
2.719793163112336742e+02
9.680243354468903760e+01
3.494344316421619396e+02
5.094128785251996305e+02
3.448463291523476215e+01
4.582773082154914164e+02
4.630307289725546127e+01
5.555242278664091771e+01
3.611262103917455875e+02
8.501887052579814963e+01
3.710588730481034077e+02
3.210550537474849193e+02
3.772119063366375826e+02
1.465162406517515024e+02
2.737133247524088802e+02
1.076713665750338987e+04
2.676180821303184075e+03
1.852461159399035751e+04
5.537873976907730622e+01
3.522566961267927468e+02
1.368913002596391664e+02
3.404233184772793379e+02
1.590583324100382185e+02
8.847650471991682934e+02
8.077757489601063980e+02
3.761724067740868094e+01
5.861059281138676624e+01
5.510333057480904699e+02
2.289237222119184310e+02
1.043108352127419636e+01
8.890358986376033101e+01
7.274851926323947282e+02
1.260805487674592200e+02
1.183838570841903390e+02
3.639913529991310952e+02
1.359923197294581951e+04
5.020129628235611676e+02
6.846315546597539026e+01
6.621453646873255821e+02
2.950032176857392301e+02
1.869537189712103498e+02
1.073104056715486507e+02
3.937672831688854558e+02
6.220265417570809632e+02
5.866686791916678203e+02
2.122051280985617723e+02
4.736596268483240380e+01
2.104884781928109078e+04
5.603714424868631738e+01
1.637343842657415962e+02
8.998678247844991063e+01
3.968567690464008990e+01
5.179604167765867260e+02
1.005229594271838920e+02
2.152375295874129222e+02
4.511473452307643583e+02
1.190300800717218834e+02
3.012868996285515095e+02
4.383503578552868873e+01
1.219716654547730528e+01
3.979606057294345760e+02
9.739168437208174964e+02
2.320243036739404658e+02
5.703111489157222103e+00
2.657127174520448989e+02
5.168639411095757623e+02
6.270992115567632936e+02
3.738576480406577218e+01
2.522036105997430241e+03
2.215313473046315096e+02
7.665383251896143690e+01
1.914351344892999259e+04
1.277454103090833399e+02
8.597830976961287774e+01
6.893077243236842833e+02
6.125924535572514742e+02
3.549724185961110265e+02
2.586216780122865089e+02
1.172157775941959414e+02
4.956211008955156672e+01
5.140608812435512220e+01
6.109484691044124247e+02
4.667869775365710439e+01
6.885527872518641743e+02
7.941900534824306988e+02
2.465672517875020640e+04
4.136189122716322117e+02
3.025486892459499586e+02
1.008261033709821959e+02
1.702864361022700166e+02
2.695564392618636589e+02
4.822290624239091812e+03
1.665388233038649162e+02
2.364435847242757802e+02
1.172653071481494635e+03
1.360510576401763103e+02
1.440480111291411504e+03
2.505217513838319690e+02
2.479555740353078264e+01
7.650125515797459741e+01
4.347385902609963750e+02
3.360727960463960926e+02
6.701138909511227837e+01
2.442172429396987354e+02
1.845255315959644804e+02
1.467362017344268565e+02
7.845961137182450784e+01
5.116911500274791251e+03
3.464487008619030917e+02
4.814463766732239236e+01
7.699976533680395505e+02
2.223847097196847074e+02
4.949121229563191093e+01
6.178319644739953276e+01
1.036442573701496030e+02
6.593432991701396531e+03
6.449835134446533402e+02
4.234565981802699071e+02
7.540505589439504774e+02
2.580644457202809576e+02
2.756710751489636095e+02
1.590968191876891922e+02
2.275546606660994655e+02
1.347528963886401066e+01
1.431392047861331491e+02
2.415885626312142875e+01
8.907176478507849993e+01
2.823546967152145044e+03
9.705981639428656536e+02
1.162977915764285228e+02
1.627929646709718980e+01
4.125945200209163886e+03
1.705383155694645723e+02
2.259389733827688360e+03
9.221148205837043577e+01
7.312843494032087222e+01
7.689057289892516565e+02
3.300055939749945537e+02
4.393851711036923291e+01
1.084328657694972435e+03
4.337245897614560164e+01
2.223359241884553228e+02
4.315453996746889231e+01
3.793520333474180575e+02
4.230214424986082378e+01
1.390288715461830122e+02
8.407299677003462079e+01
1.653324512806827329e+02
4.925308021468110553e+01
5.252267079735895550e+01
1.380479979346010388e+01
1.591028096600900597e+02
3.439922406104636821e+01
3.322956600527813407e+03
1.023085989758271523e+02
2.675903610382353648e+01
8.130627301579998800e+01
1.700868240575449590e+03
2.177397452535976186e+02
9.563502222536456543e+01
1.158640730434534021e+02
1.217268335649473272e+02
2.035842898503990455e+02
1.269646723611429735e+02
1.300971950025374611e+02
4.788835639941744944e+02
8.066732923896856278e+01
2.613535494803255688e+02
2.979503186544846471e+02
1.896917211513524762e+03
4.888903888961600046e+02
9.020587028406183663e+02
8.480981019392535813e+01
9.318948436428331661e+01
4.955983768772525764e+02
3.887969863672245197e+02
8.840033282001313637e+02
3.409223533554497294e+02
1.297357844632035153e+02
4.015054198729935138e+02
3.424045581304649204e+03
5.590277204939085465e+01
5.128789199724795935e+02
6.513405574776950147e+00
3.167011723881894341e+02
1.019193657323925072e+04
6.896663025082759759e+02
1.950088449117887421e+02
1.162790474106966485e+03
7.162571551468292910e+02
2.610481690906085817e+01
6.008118483024973102e+02
3.700127214836216467e+02
1.048238813902518629e+01
5.766493441893986756e+02
1.193867225756101291e+01
1.185703189697554194e+02
9.637466005027386018e+02
4.290483173968522124e+02
8.972537500460121862e+01
2.656108142158873306e+02
1.091663808474182389e+02
1.063348458282423962e+03
7.691333852593572828e+01
2.180289963079390532e+02
3.922243972550328408e+02
3.354966842345945111e+02
3.797638720209902772e+02
8.172463193608898280e+01
2.359305193275167483e+02
4.384459048287233145e+02
1.593785731190446882e+02
8.987477541300111170e+02
5.429560428472008198e+02
2.924754979634739129e+02
2.546896887275683241e+01
1.346413096666196907e+02
5.629936586419892137e+02
1.752025530108137445e+02
4.586600132135898207e+02
3.215467429943880120e+02
2.659621819289834548e+02
1.040793260443235340e+03
6.111455942002305619e+02
3.413357083233779576e+02
3.214457977744921209e+02
1.056243380766352118e+02
1.902805568294282466e+03
4.054281788171746257e+02
6.027481454024343293e+03
5.167694166924825367e+02
5.134992979026560533e+02
4.810991256261590365e+02
3.341195468082826778e+02
4.029635633157554935e+02
2.503256392220035309e+02
4.440402108802156249e+02
6.992306152871904601e+01
9.146761883015471994e+02
4.019690505678430270e+01
2.303869009344485050e+02
2.423867234511446441e+03
3.632260133286140302e+01
4.779374855707192182e+02
3.545017096885200090e+02
9.096664860736607352e+02
1.013013195204091801e+02
2.228797852431899082e+04
7.912341897083206277e+03
7.019304740842451338e+02
2.341501494837847019e+02
6.217536870590594589e+01
2.130598735776454760e+03
9.841866562310675363e+03
5.131406446724283796e+02
5.266251100575099997e+01
3.065029679047791547e+02
4.271342254147456430e+01
6.369756711730422012e+02
3.566010921170017127e+02
5.041994085034455964e+01
4.933180083672709060e+01
6.825101284518365397e+00
4.327770809420525779e+02
3.626833271830460035e+02
2.924317883604126564e+03
3.098351341664341021e+02
1.415252731452753210e+02
1.145013130679896989e+02
9.458029624897200165e+02
3.452221912656426639e+02
2.360908844035091931e+02
2.177845826243563465e+02
2.093890927724335995e+02
2.432332732296464144e+02
3.862541575595039944e+02
5.976297008912124653e+01
6.508094917041266854e+02
6.107429616873334055e+01
2.645784214939739343e+01
7.142226849380388387e+01
6.237574022020249913e+02
2.018500308931262168e+02
4.239496539105740567e+02
7.636157674714188033e+03
1.243287204857730188e+01
1.325326639400485647e+02
3.902750021801028311e+02
6.866797620028339679e+02
8.530039711066091286e+02
1.522394726976930883e+02
5.084454346900574251e+02
6.723499459161856748e+02
2.508521905113936867e+01
4.860176595143252598e+02
5.993385065885544236e+02
2.007454644079736852e+02
5.839128953210303052e+02
2.510947718728215605e+01
3.978662162880085589e+02
1.402836555321470939e+02
2.465652517838447238e+03
3.905259204107425148e+02
5.384142033084990544e+02
2.102777155748697524e+01
1.719295794333405922e+02
5.221791983535741792e+02
2.439782264078776848e+02
1.263830300526684027e+02
3.048404616767634252e+02
1.031346793090619371e+02
3.343799802533013690e+02
4.850282420800765976e+03
1.499911587456729194e+02
1.611681792902435154e+04
2.966665310149461021e+01
5.506688982334183038e+02
5.122125220125311671e+02
1.114426575611717908e+03
1.740123825677817706e+02
6.414420311036772659e+01
1.303878213929737649e+04
2.098716945503900570e+04
2.171205790264603365e+03
2.290826105688461212e+01
8.065711627832683916e+01
1.692495459134127304e+04
1.342760927150480654e+01
5.173547993514836207e+01
2.883626830649428939e+03
2.953532314837331069e+04
5.962361846883626271e+01
2.915873907063831894e+01
2.212749095927343035e+02
4.401634791480497597e+02
8.382376382975230911e+00
7.679227782707899053e+01
1.393839989845918126e+02
3.371465600351737635e+02
1.969727009605541355e+02
9.555933528379835025e+02
4.631261498983062808e+01
4.467575398041649350e+02
6.897902169942583441e+02
1.087555581596104639e+04
6.627527656814247621e+02
1.696601303865908505e+02
1.728956187519508603e+03
8.325705426463198933e+01
5.931519746600858412e+01
3.511195703868170312e+02
9.645897811883676809e+01
7.541096130961893778e+02
6.365178046067235584e+00
3.905768488388647484e+02
3.674074905108226403e+02
5.301902197483819918e+02
2.790535091251593940e+02
8.852563846959733951e+01
1.774072485040975880e+04
5.534265591246756912e+02
3.600562163709363972e+02
1.983564952352183468e+02
2.187132481956875196e+01
2.011455028565014118e+03
1.201804189110002170e+02
6.197295636144821174e+02
7.667269118222024282e+00
1.118997499532084845e+02
1.025623091811386303e+02
5.043868544691240459e+02
6.189692541113783619e+01
3.413016580094724617e+01
1.031000395745959395e+03
5.096311494196575609e+02
3.436009422321141216e+01
3.225025421044967970e+02
2.036314980224720557e+03
5.816637500461515629e+02
4.982748284856431269e+02
9.491096587918491423e+01
2.291662999989227600e+01
2.536864600027408017e+02
2.137691524532604490e+03
1.699878353640226578e+02
4.119229475816178478e+02
5.721769780163936957e+03
3.575085118179962365e+02
2.305394448876874662e+02
5.942711457269047060e+02
1.041072576099292064e+02
1.806598219290682437e+02
6.852530040503141606e+01
3.746065731566323507e+02
9.585798088331303290e+01
8.572499021859403001e+03
8.285697010888961245e+01
7.483183451447467860e+01
3.386695788120576367e+02
5.735288814113644094e+02
2.862376224641191698e+02
3.967140646851611336e+02
8.420884690893934021e+03
2.456224536282268502e+02
7.728931550961498864e+00
1.001596897875718071e+02
7.554496026564035674e+03
1.239307514870864964e+02
8.498084933492804112e+02
8.606709758408596826e+02
6.867221946910703423e+01
7.052263839915261201e+01
5.878896059342678448e+00
5.300136543765480610e+02
1.535568786395118366e+02
1.296571992498382087e+03
1.557131491884618129e+02
2.006860080331267113e+02
2.813867160356208842e+04
1.014320688491279725e+02
2.364588393896321577e+03
1.430184142450907348e+04
2.704026714356720973e+01
6.931908035048996908e+01
9.308028048440337443e+02
5.279850123687022005e+02
8.414999699029413023e+02
4.322851525870488842e+01
4.857289472568413089e+02
4.748712181820040428e+02
2.824327447684845893e+01
5.807707772807641504e+02
1.404817672256204908e+01
3.612032945820204333e+01
9.401798867166820628e+01
3.361240278102051207e+02
1.357170832944161134e+02
8.430066317943212084e+01
1.674863913921702476e+02
5.462291352377442308e+02
6.164976000385703401e+02
6.320863977314370459e+02
5.409459535309277953e+02
9.996615677737322869e+01
2.890573050804956097e+02
6.875566847075012902e+02
3.398191409900258577e+02
1.467280751682944242e+02
8.059230584982639812e+03
2.868709397012128193e+02
4.668907554567810081e+01
7.084884178858883388e+02
5.027385964159277165e+01
4.748017355293596324e+02
2.283982967826790116e+02
6.113575672859660699e+02
4.798852750838409520e+02
5.376737179411142051e+02
3.365414250813993391e+01
9.189695573566889664e+01
4.659512177324463664e+02
1.399590237663564380e+02
5.432726471753288706e+02
5.244449742191721953e+02
2.538389169688920219e+02
2.418819901642300181e+02
1.389423224430092034e+02
7.441917059990791472e+01
1.617576025534433199e+02
7.188668494140529219e+03
4.299836785521545153e+02
6.519764689222942025e+02
7.025055065339471412e+02
1.976823773409168155e+02
1.850209324758876903e+02
3.743353049550289313e+01
5.214871656780190534e+01
2.691831600997575435e+01
1.019826414607689173e+02
6.365714891234169670e+00
1.838321997174400622e+02
1.542178451864940882e+02
7.508233799075499704e+00
3.029952249304556631e+02
6.447751001251203888e+02
1.747790350639346570e+02
8.871878077107814420e+01
4.626215065912398927e+02
1.533874918932561559e+04
4.243889161547370747e+01
5.334960431990883762e+02
4.170277952606573990e+02
4.214787443401832547e+02
3.633663000817743068e+03
2.094930146871191994e+02
2.032963418954684300e+02
8.575017106454854456e+02
3.450773871257666542e+03
5.561964419094617824e+02
1.714423482593977965e+01
4.297492692761733792e+02
1.631448680530577278e+01
2.243849749102849103e+02
2.703366774184482892e+03
2.142976322784267893e+02
5.955981621483003892e+02
7.668917408076015363e+01
2.213691200606132270e+02
3.283379347962172119e+02
4.792661090530576189e+02
9.904398649441714042e+01
6.874830743896728791e+02
2.223180239469836306e+04
2.441832037089148457e+02
1.366177153229616010e+02
3.042413195357227096e+02
1.298972874823281745e+04
1.142167642768416272e+03
4.237826653811310280e+03
4.882747353749761601e+02
1.399617631944182392e+02
1.044309263251775803e+02
1.027863110336134724e+02
1.520996022493473561e+02
1.113686498403546778e+02
3.405829173760275808e+01
6.343511987569542754e+01
1.086630468233387461e+02
9.535932080196324989e+01
3.036764187962655228e+02
4.417606567179846593e+02
8.720455703890792165e+01
8.208623990826944805e+01
4.299794320683689648e+02
2.015523972754951672e+02
2.300023966555296511e+02
2.606247564104921253e+02
2.476248635406995618e+03
2.335222208366581640e+02
7.117091009797293282e+02
3.631649068884435110e+02
7.825244782995463311e+01
1.323434572546968866e+02
2.345108739634191863e+02
8.641818089962086447e+01
1.746043843857667923e+02
2.721475688887518984e+01
6.300633537427406736e+02
1.393076837269345276e+02
2.122905240378175051e+02
6.206088411919657801e+02
4.493054317782867884e+02
8.774716607298185522e+01
2.938969291276632134e+02
3.289654473240332777e+01
1.035722262743295687e+03
2.896143658025969216e+02
7.844773320771120098e+02
3.024992632251128839e+02
7.666565794019526265e+02
1.047880508678801107e+03
2.500215219670058175e+01
2.465863421387056746e+02
2.705317427016195211e+02
5.548956569084562140e+00
1.127403346698540076e+02
2.130736370924514489e+01
6.062442363882676091e+02
1.343163918041958880e+02
6.194420280506349172e+02
3.331067462451883330e+02
4.220263604631148837e+02
5.352125843208195732e+01
2.979327625068203815e+02
2.962687285510542097e+02
1.689558832465678790e+02
6.050612534379500858e+02
9.568007589197114271e+01
4.326634049225942249e+02
4.627910710267991590e+02
4.879990150744755795e+01
4.887920283654340210e+02
6.512310570609781735e+02
1.703497646378618526e+02
5.529819970726434804e+02
2.251526219676204903e+02
8.556067106070357795e+02
4.549757587005166783e+02
2.967338449416466233e+02
3.545431988982801386e+02
6.282525612313740027e+01
1.211922101443110660e+04
2.917852890122249505e+02
5.967926298353438597e+02
1.719530863194515860e+02
7.368353093205095661e+01
2.264825566996222150e+01
2.439780191271896115e+02
5.182262043976283650e+01
1.641485141309437040e+03
7.415725995826378494e+02
2.266089180135531223e+01
7.054517733817788212e+02
5.220173685811411133e+02
3.158464773917064576e+02
8.734034149359993080e+02
1.189420240006842562e+02
1.304860643119396286e+02
2.176383383890349421e+02
6.257872030857471657e+01
5.110642558742370056e+01
6.354634227271586724e+02
4.031342933632684122e+01
4.844887397182564825e+01
2.248153378800834901e+01
1.990903164398458784e+02
1.963483058570326989e+01
1.042499137816272139e+02
3.330692046626135294e+01
1.190275400323339454e+03
2.188763867692017300e+02
1.738948744828407769e+02
1.699784122336895393e+02
3.192851229701438456e+02
3.422889612694872312e+02
2.921469874120979071e+01
9.725370358256429881e+01
1.859171240089007071e+01
1.536051859681431040e+02
5.560511937741958945e+02
2.506422117247890924e+02
9.152339310575656782e+03
1.203092779068880702e+02
7.292785862914629433e+02
1.335943578594538472e+01
1.738276542300061556e+04
1.134857015283151469e+02
3.694883059020262550e+01
3.792535636777611785e+01
2.901277279566785410e+02
4.974683452944248074e+02
4.134509091384134081e+03
7.360469044473759368e+02
6.849920881518628448e+02
1.279569492242642781e+02
1.148112972825784368e+02
2.590174425777581177e+02
2.561778813466505085e+02
1.758370197155729286e+01
4.831691234539264883e+02
2.278255104198657932e+02
1.980657287632845112e+02
3.484152520006171017e+01
1.446119770345320710e+01
5.013636333745794218e+02
3.460373652870477912e+01
2.250857231682170152e+02
4.687542727390498840e+03
7.999775135461535456e+02
5.293790952614840535e+02
3.511908785440004976e+02
7.651049829752039386e+02
3.500707450661210896e+04
3.654741286727943930e+02
2.361008400759033066e+03
1.520987090157160004e+01
2.408705531280753007e+02
3.265447289190233704e+01
3.191827060630007296e+01
3.231833921568502888e+02
1.977648724785245122e+03
4.694341711169060716e+01
2.903783359004525977e+01
4.080548520957970595e+02
4.874481256846292609e+01
1.452378625737301945e+03
3.283218782842683140e+03
8.217206031374674069e+01
6.341910424547738785e+02
9.410464731386101676e+02
6.002398327850787041e+01
1.122300568730434378e+01
3.774291948462887376e+02
8.769212570019405462e+01
1.057217539701749160e+02
8.092502190302261056e+01
2.797535019993309220e+02
1.166980126396553317e+02
1.563986220215901923e+01
7.287172443535055208e+02
1.308344452526995519e+04
6.048924699120855166e+02
3.280416023332003874e+02
1.205763997017356672e+02
4.618562286084242885e+01
2.497310517760713822e+02
3.397863598015894127e+02
7.876095348137934593e+01
1.008722937692084884e+03
4.914430811012986851e+03
3.292805640319602958e+02
4.680810535298879813e+02
2.538530813586017416e+02
4.593950639633003163e+01
1.919099923781941470e+03
1.187431010108465853e+04
1.073978876034427685e+02
8.063579386159396734e+01
3.916691177270656965e+01
5.697213888001474515e+02
1.565943781524735527e+02
1.292525933704495174e+02
7.152463802139485516e+00
1.438858785564808329e+02
4.893682369104265462e+01
3.893136329170224030e+01
1.354704203149006787e+02
1.393953665735329537e+02
2.290785342967174643e+02
3.171595564501257627e+02
1.731802063027916105e+01
3.763798594198530623e+01
2.436512533619089663e+04
1.737226576283957684e+03
2.352794641318060656e+02
1.661233000738903627e+02
2.333603085560098691e+02
5.833819429578029485e+02
6.013349165315490836e+02
2.288125829398695146e+02
9.436346789883096062e+04
3.141504547554490046e+02
6.280169462990600096e+02
2.000535114423771006e+02
3.565492294452679545e+01
1.322362070864882071e+02
4.047907619590163790e+02
1.920247186105935668e+02
2.899501397450919171e+02
1.449156280419159941e+02
6.862581872171557507e+01
1.995623826329566270e+02
2.559663300269376691e+02
1.082698160239062304e+02
9.320584474154279064e+01
1.236450677847048496e+02
7.227854064078413785e+02
2.449274846169884370e+02
1.662163481563589755e+02
6.434364201374543200e+02
6.659345755908827869e+02
7.841920372684990070e+01
1.741350447953806224e+02
3.737557595620857143e+01
4.592192446463971010e+02
1.841474551043197607e+02
1.769343656788926182e+02
8.297821581994537610e+01
4.480987822129641813e+02
2.638499484056842448e+02
5.207304323391936123e+02
1.294143342566497950e+02
7.250893535452823926e+02
2.450030364700457994e+02
4.165639862134670466e+02
2.130841963192022774e+02
8.296955450225112827e+01
4.742509121177028533e+02
3.622508488156162230e+02
2.423654133940877671e+02
1.481449464220598600e+02
3.192252574346393956e+01
3.885069537286866392e+01
3.864199990936661067e+01
2.938634418067081242e+02
3.294807380386756677e+02
1.529144880563433446e+02
8.535735980700889058e+01
1.546644456356102637e+02
