2.407171464356695623e+01
1.638971589044382426e+01
2.375782781675450295e+01
1.898679157520112071e+01
7.652674256206894121e+00
1.352198264890114388e+01
1.323804690631022574e+01
1.397393309959910290e+01
2.487329711026569257e+01
1.165706467718723260e+01
2.209074444087884714e+01
2.615220108285443246e+01
1.682756516547781800e+01
9.628883787544683770e+00
7.932078203355265700e+00
2.983353944538577096e+01
1.504729495609516121e+01
1.016823858205328079e+01
2.232890346721416819e+01
2.028236139338991961e+01
2.476785064229900968e+01
1.155182664709362150e+01
1.417461643149177064e+01
1.724130022992627431e+01
1.289525725447674809e+01
1.694826891938650704e+01
1.566276672574270989e+01
2.005118000843547321e+01
2.403814387871229741e+01
1.727995879347420072e+01
2.381036237012010304e+01
5.585212269144286701e+00
1.683037682319552530e+01
1.538797585176872040e+01
1.253697269896441924e+01
1.163035884309651991e+01
1.931483164589736745e+01
1.626483245889464513e+01
1.223989139705083140e+01
1.146417183403714546e+01
2.579524616154146699e+01
8.800758549162960520e+00
1.043108352127419636e+01
1.219716654547730528e+01
5.703111489157222103e+00
2.479555740353078264e+01
1.347528963886401066e+01
2.415885626312142875e+01
1.627929646709718980e+01
1.380479979346010388e+01
2.675903610382353648e+01
6.513405574776950147e+00
2.610481690906085817e+01
1.048238813902518629e+01
1.193867225756101291e+01
2.546896887275683241e+01
6.825101284518365397e+00
2.645784214939739343e+01
1.243287204857730188e+01
2.508521905113936867e+01
2.510947718728215605e+01
2.102777155748697524e+01
2.966665310149461021e+01
2.290826105688461212e+01
1.342760927150480654e+01
2.915873907063831894e+01
8.382376382975230911e+00
6.365178046067235584e+00
2.187132481956875196e+01
7.667269118222024282e+00
2.291662999989227600e+01
7.728931550961498864e+00
5.878896059342678448e+00
2.704026714356720973e+01
2.824327447684845893e+01
1.404817672256204908e+01
2.691831600997575435e+01
6.365714891234169670e+00
7.508233799075499704e+00
1.714423482593977965e+01
1.631448680530577278e+01
2.721475688887518984e+01
2.500215219670058175e+01
5.548956569084562140e+00
2.130736370924514489e+01
2.264825566996222150e+01
2.266089180135531223e+01
2.248153378800834901e+01
1.963483058570326989e+01
2.921469874120979071e+01
1.859171240089007071e+01
1.335943578594538472e+01
1.758370197155729286e+01
1.446119770345320710e+01
1.520987090157160004e+01
2.903783359004525977e+01
1.122300568730434378e+01
1.563986220215901923e+01
7.152463802139485516e+00
1.731802063027916105e+01
