1.146456427501138251e+03
7.848594812826398766e+02
1.518559753542875569e+03
2.937776861676016793e+01
2.478720923544936170e+02
5.024782397642647425e+02
4.802182548906873762e+02
6.964791790021347424e+02
7.549963912028392770e+02
1.262364376023934483e+03
1.357659963826820785e+03
1.361342015119950247e+03
6.972507813517017894e+02
5.078710239597222653e+02
2.333069507871834048e+03
6.126800322421585179e+02
1.010073310323799774e+03
5.719436414272364573e+02
3.872578256724294192e+02
3.538808649154777868e+03
5.931451391112210558e+02
1.144214370042377595e+03
6.631038631550758282e+02
6.880016816318305928e+01
8.703301666451500296e+02
3.125578807101400116e+02
7.703242377607405160e+02
1.390733669577680303e+03
6.486780088161560798e+02
4.767534389458833175e+02
8.150228415357508993e+02
1.404925314789717731e+03
1.124889298748278861e+03
1.275789813186686615e+03
1.272991532616865925e+03
7.228622422884110392e+02
7.242144468941963851e+02
1.186242600772503465e+03
9.919096693475992197e+02
3.971143087822949838e+02
4.917403040704500086e+02
1.148483298703677065e+03
1.273012622596143956e+03
7.110339432051905533e+03
5.054771031220386703e+02
5.816246819676155155e+02
1.123900828564334370e+04
8.144036405464518111e+02
1.053772054566152747e+03
5.784302945119131891e+02
8.707926891301967771e+02
7.010648018180222607e+02
1.211259751874201902e+04
7.797142491760190524e+02
4.972633192597788252e+02
2.733004241978947562e+02
8.822352165794228540e+02
8.133626741363002566e+02
9.203768628544606827e+02
1.188440903912570093e+03
1.331099333424304859e+03
1.049994312047160179e+02
6.516460685635732943e+02
4.385209178736973286e+02
2.585300281336494663e+03
1.418390145716851521e+03
9.967926099782598612e+02
4.146493708535415976e+02
1.191224410502964702e+03
1.262792378822403634e+03
2.435895256708609793e+02
4.970945615806660953e+02
5.711762917125830654e+02
1.328628089251277743e+03
1.981308638535594582e+04
7.187431672090060601e+02
9.658580018078305329e+02
3.805922386616226163e+02
2.211636745326912603e+02
6.002128295862222558e+02
3.381972644583618148e+02
6.421841943748263475e+02
1.009143690238385716e+03
5.721008051197034547e+03
2.077082535269001369e+02
2.498767227630375203e+02
1.601729144940227911e+02
9.170616781983450210e+02
8.233693995590700752e+02
8.438458333907530005e+02
5.994605245513583895e+02
8.035141024880050509e+02
2.534390254275811571e+02
1.217483166669576121e+03
7.360997457928046970e+02
4.227959147223969580e+02
3.686962638111450588e+02
5.119999349624596903e+02
5.944710442964543518e+02
9.388383801519121334e+02
3.107400783423911506e+01
6.115257046453031080e+02
2.705958055861377716e+02
5.082524142714713662e+02
1.095672472008826162e+03
3.986789630099024180e+02
7.228390706017665934e+02
6.139528825432148551e+02
1.008341575405093181e+03
1.088248240776538978e+03
2.629148499287599066e+02
5.982328218911941065e+01
6.423315053396900112e+02
8.942535359379626243e+02
6.852839847928030395e+02
4.578377703607687295e+02
2.462950710170984507e+02
5.993020651646314718e+02
1.806462718903308996e+03
3.608542989974749275e+02
5.469062324287132242e+02
5.327752970668773287e+02
2.288982491998234536e+02
2.136224385998558262e+02
4.723281379276155008e+02
9.433611444573061533e+01
6.261458832424713137e+02
6.516429450020943932e+02
4.857984399742408641e+02
3.064888716349082074e+02
7.162357423733562882e+02
6.313103923359168448e+02
1.508286299616430313e+02
4.694120629657944619e+02
2.745183699248065068e+02
4.601551796362848563e+02
5.447561698081268560e+02
1.733976768190745759e+02
5.579735087989033673e+03
1.025509436423102898e+03
6.464076034404001803e+02
2.946683472411651792e+02
4.032540440699634132e+02
3.189287830913911876e+03
3.160158639140816490e+02
6.791707635211809020e+02
1.704910374835442326e+02
6.747263497102701422e+02
1.079726738529382055e+04
6.041363034986640059e+02
1.146998626176909283e+03
3.490048295157523171e+03
7.683501056248341229e+03
7.963667877567012283e+02
8.322684747609686156e+02
1.199509980509827528e+03
1.109320060355115857e+03
1.030673359872196897e+03
7.835078770476987984e+02
9.590411385985438528e+02
4.190034239986965190e+02
9.051535491426823228e+02
4.549753084182798943e+02
1.001916023313941423e+03
1.316187777699025503e+02
9.885374545736864320e+02
1.042022921226492599e+03
4.050646832011312313e+02
1.244311326465041390e+02
3.167700782973243463e+02
5.733417113136122225e+02
2.006711522886620287e+02
3.323437454140485556e+02
1.692709247603031884e+02
1.254497193817471157e+02
1.413600160992375777e+03
8.923451110415511494e+02
1.734121132094150744e+04
4.394094615604449245e+02
3.480701342923529182e+02
9.591004570440693442e+02
7.593424969912217648e+02
4.662283837063594660e+02
3.320873726699175563e+02
6.172418386169599671e+02
6.265547334921075162e+02
6.186617842608652609e+02
5.699632218562569506e+02
2.998459753485993247e+02
5.790271019433882884e+02
6.337278684289095736e+02
1.776092473784136746e+04
5.468187268445359450e+02
1.170656577060183508e+03
4.370743132350729638e+02
7.134820243782883153e+02
7.340934412051063873e+02
7.315112265945953141e+02
9.622888737520073619e+02
8.593404851850170871e+02
4.061234146897967889e+02
1.733329596752733437e+02
2.570284701969102912e+02
4.523751900441883436e+02
7.299407296915766210e+02
2.817482703889603727e+04
1.515184141485445252e+04
8.205593117284971072e+01
9.744232209079683571e+01
6.460998266721009031e+02
1.570446793053002636e+02
3.677976493885164473e+02
2.521857090471316383e+02
1.353651447999162372e+02
5.448915087683800493e+02
1.566417349059940420e+02
1.683054990746059900e+02
2.303397557471195682e+02
6.661727198891780972e+02
3.563492791609015740e+02
3.004286209345667089e+02
2.267979412437200324e+02
2.647872765369081662e+02
9.098001308762833617e+01
1.856192260253716086e+04
3.765247808320547392e+03
2.850068327923477227e+02
2.462131269129865359e+03
5.985903210321563392e+02
1.171427315446914145e+04
2.419794748045348456e+02
2.888218462151579047e+02
6.029068283376273030e+01
9.757319173857413261e+02
6.635329167037939442e+02
5.114402471174050220e+02
9.010446103696722275e+02
3.550623891649307780e+02
6.810946048413659355e+02
8.798576847465297988e+02
1.720729477023485003e+02
4.164637054654966960e+03
1.061439022327830571e+03
5.802363184754875647e+01
2.939984477476501752e+02
6.427903177403914015e+02
8.750698581559345257e+02
6.217467367301240301e+03
2.857079673761538174e+02
2.970864834529077712e+02
1.120366435726724376e+03
3.475737874426634448e+02
9.075531188363243018e+02
3.993702647051606505e+02
6.947668100661149992e+02
6.686611935447433552e+02
1.196373258972179201e+03
2.813941881971982895e+01
4.130925583320970986e+02
9.822077310638943004e+01
6.150414388218191561e+02
9.070231099066876368e+01
7.641053721867657259e+03
8.100043219931851013e+01
2.118847785336702430e+02
1.509705841214363886e+02
6.190913405481487644e+02
6.831462674360903975e+02
3.774395921577969943e+02
9.221718247710465448e+02
2.551550920720179363e+02
1.790711920484157815e+02
2.969056728659148803e+02
2.371215760433609603e+02
1.720867163560238851e+03
2.248385706435246334e+02
9.972742394222390772e+01
5.524134249126036593e+02
7.535045506043597925e+02
3.305983939560738918e+02
3.509202972598654355e+02
1.270372107397923855e+03
9.156835308785302914e+02
6.271505590636952547e+02
1.007169938664542769e+03
2.646247077718484775e+02
3.472944808285228646e+02
8.846834065789889223e+01
2.768316975909190205e+02
1.174069484576345133e+02
2.190521156766418699e+03
4.925991730924628769e+02
2.462276327607717974e+02
3.504595979115323416e+02
7.761368901276092629e+02
4.310685227673928921e+02
1.170252836599950342e+03
1.507644509883656951e+02
7.610143513475866257e+02
7.924060036127546027e+02
4.491881396550702732e+01
6.468507309048081879e+02
6.022338985938762335e+02
4.666570345740022674e+01
1.594625826613351194e+02
5.502886566011039093e+01
6.546575771437518370e+02
2.643875392862521494e+02
7.730798704318017371e+02
3.010024796732078016e+02
7.752718336505775198e+01
5.982155271932971345e+02
7.155134935259444546e+02
1.706458422853499712e+01
1.638824130384191164e+02
8.646592323879474861e+03
4.118895533084704539e+02
3.018928908743165493e+02
1.002634998818713896e+01
3.773513139705593176e+02
6.265544800752840047e+02
2.805203509623437412e+02
1.490191209745019876e+02
3.220674262281452798e+02
8.210346697657158074e+03
1.882300900898998179e+02
3.393664818636609084e+02
9.554900833249506604e+02
1.525623925059444218e+03
3.229648504215887442e+03
5.762342072691526482e+02
2.675434313120422871e+02
9.135345742568101741e+02
5.147927068777305522e+02
1.497176753971266407e+04
6.848730159075355459e+02
2.321519985721117337e+03
7.739009803627445763e+02
7.172178130178906486e+01
2.670677119528834282e+02
4.059821474533926562e+02
1.324368586669196475e+03
7.312666999375061039e+01
7.543638767889406154e+02
2.333145675195278727e+03
8.048983309506299975e+02
2.639234429308720564e+02
7.002822041319673190e+02
6.373302459475090473e+03
5.161667241654877216e+02
3.424901712761933368e+02
4.894871858347797797e+02
4.381543764230418674e+02
1.110647925987641429e+04
1.526601078460176666e+02
3.294595089311225706e+02
7.691006210578364062e+02
2.739769734093546958e+03
8.133012588419736630e+02
1.960237433868157382e+02
2.469100722097325615e+02
7.159382815609492354e+02
1.926754348052777004e+03
7.175904926469042039e+03
9.452049166122355018e+03
2.452821434453859695e+02
4.020837432401687010e+02
7.695473811122641905e+01
1.487606243545059783e+02
9.530001320679023138e+02
6.847496971726097854e+02
7.371120454218910254e+02
9.452327261955243785e+02
6.626827225742786140e+02
5.093860316362281537e+02
1.600059569115529143e+02
6.209357672043864795e+02
7.790060109464769766e+02
9.247741042326030083e+02
3.545887048768159957e+02
6.563593348607165581e+02
5.074141745748456742e+02
3.179742160753757503e+02
9.462313512507252611e+00
7.470982211141107427e+02
8.253108851832050732e+02
4.445938481803573836e+02
6.041264475487875529e+01
4.113455120295800498e+02
3.947680391664139847e+02
5.861701604292901493e+02
1.324241467906688285e+02
3.935171867846834630e+03
2.536049480915649497e+02
1.031192797755770130e+02
3.428301135999607823e+02
7.048102027356566168e+02
1.049565745347291113e+03
3.319407024643223281e+02
4.936341960695792181e+02
1.736828891517643206e+04
2.538476783215600676e+02
1.086706405426571109e+03
1.347070992239420548e+03
1.197093374095504572e+02
5.173222354829359801e+02
3.797821293143078947e+02
2.588323763314398889e+02
7.653990950402828730e+01
2.368100642795792226e+02
8.473541643933445755e+01
6.475567630538413368e+02
1.451937229375567426e+02
1.129957232853983214e+03
1.289545786086299813e+04
5.500053931743608473e+02
5.164177236346561131e+02
1.641453893857304138e+04
3.150756511436168239e+03
9.919717065325594376e+02
3.355533768008089623e+02
1.474902565957760601e+02
1.310676700394989894e+03
4.196167174525077144e+02
2.576087462522749547e+02
2.038631714350259756e+02
5.645088465868234806e+01
8.932859412778387309e+01
2.078402935508556197e+02
4.993991576101129226e+02
1.797674190986755320e+02
7.785591065789958520e+02
8.004996428385347826e+02
6.874849905747331604e+02
1.448688271336196642e+01
2.526512884130840393e+04
3.869905913824466097e+02
1.494034907019859588e+02
3.856685353675661645e+02
1.438614113489652254e+03
7.731555420097662363e+02
3.407310232857403776e+01
7.654975398109656908e+02
3.659107449872686630e+03
7.042136863182025763e+01
3.844294199128254519e+01
5.169274616646689537e+02
2.798638263863309135e+02
4.718800415871287441e+02
8.189341191072011270e+02
1.127203633562515734e+03
2.101696775361410232e+02
5.617269173698323357e+02
1.259239570200442557e+02
7.062966568042455719e+02
7.274536974374424290e+02
2.946439324417176309e+01
5.266979124800305101e+01
9.327805091473687753e+02
5.807854810785836435e+02
2.013244196828231907e+02
6.258591103440018344e+00
1.844367107231431646e+01
3.462791189330185375e+02
2.291874775973099645e+02
1.084033104486008909e+02
3.617898955568314818e+02
4.089027991927893027e+02
2.120732121660670941e+02
7.447116663596985120e+01
2.534503356940487038e+02
2.964865004126359622e+02
7.300067883047810255e+02
3.415226115654113528e+02
5.228317135760587462e+02
1.162607690058734988e+02
3.375120510369496287e+02
1.815650088924995771e+02
1.157513194787615873e+02
1.592408966435393438e+02
1.626288581912844791e+02
3.173802955815760924e+02
2.337315213183382525e+02
4.159298527653399447e+02
1.856001379349340539e+02
4.307210534653872855e+03
5.229102084637476082e+02
2.974626825342185384e+03
1.720701956349551551e+02
4.559183825086237221e+02
7.666112035065519592e+01
4.999504183291755055e+01
8.384851103780221138e+02
1.089464018932284262e+02
8.977260113332130231e+01
6.647156326713921999e+02
2.275558029917468730e+02
1.362215980142820626e+03
1.304028388286513973e+02
2.688520320603605569e+02
5.782205913763368699e+01
1.102839464938362653e+03
5.655017190387908158e+03
1.387336525772403775e+02
1.896058130986698643e+03
5.462295829086515369e+02
1.443426622187711530e+02
1.527786644545669503e+02
3.178527286540617069e+02
1.989686926039876198e+02
7.879580692967465438e+01
1.606406758292777965e+02
3.163492642390728804e+01
5.699715023140998937e+02
4.241769507053752932e+03
6.537770860190729536e+02
4.547176033232570802e+01
3.416811034361008126e+01
3.570677303068081869e+02
6.016103026338774953e+02
1.251842836533788699e+02
1.084230185998650597e+02
7.233388548563219729e+02
3.824054909423486151e+03
3.213110372252147329e+01
3.848248122071263992e+02
1.352403186596649789e+02
3.125040878359979502e+02
4.202322718823766081e+02
2.333882187059634452e+04
1.728724763541149301e+01
8.775037043052981289e+02
4.154146284318976967e+01
1.196377925521958616e+02
1.402928842591474563e+02
3.381310939675833538e+02
1.252764946341972973e+04
9.936972178106151432e+01
4.574092106433390654e+02
1.699698815700311388e+04
1.049573665525563513e+02
3.822605455278526279e+02
6.816278384160649694e+03
2.302440457813162311e+02
6.033931738332681789e+02
2.804979333355310587e+02
7.800605802605477948e+02
4.927723084739293995e+02
1.250002768619806375e+02
1.185090691564174392e+01
4.095138193118979189e+02
4.048925991418987564e+02
3.587771813907126216e+03
1.470219136803690958e+02
2.248092306427886058e+02
7.054078338948291957e+02
1.595078046294403009e+02
2.569409211632584444e+01
4.997896907184775955e+03
1.148565489026614586e+02
3.415938238024046427e+02
4.643612174615089430e+02
6.189935670257137446e+01
2.906616699058043650e+03
3.932933003155840652e+03
6.925088886694028361e+02
5.010503530454853376e+02
4.090024054840466050e+01
8.076056130927697723e+02
3.845736529577250167e+02
2.821115908168189321e+02
4.230390952969091245e+02
3.314133314568553033e+02
1.075455331515997841e+02
3.702799642556995536e+02
2.752019425596124620e+02
8.698561335405646560e+02
4.088942542323396765e+02
3.905458125906506666e+03
3.535185813277620923e+02
3.594056095962269524e+02
2.204963817586404105e+02
5.009062676377478738e+02
3.308446274368491800e+02
1.233889864366618895e+04
6.589469904712967718e+02
7.118839295555681019e+02
5.276955936453009599e+02
2.173299270242494856e+02
4.620140451608816790e+01
4.562884279432452672e+02
7.348588720947388992e+02
4.808451008266069948e+02
1.658160590075306970e+02
9.041606010043258266e+02
5.631951006290507848e+02
6.859938542187389743e+00
4.935463085086524188e+03
6.355126169328424339e+02
1.103028340941066199e+04
1.565576619297212630e+02
3.230380908177899073e+02
1.119165186084470918e+02
1.606604027458490407e+02
6.223872684606833872e+01
1.304627228298132593e+02
7.636620577076190841e+01
2.431586903853698800e+02
1.009039141241429934e+04
1.278811231439503899e+03
2.559614451725055631e+02
1.014092475249636777e+03
5.706077691411656616e+01
7.305937582237383765e+01
1.559563850031327377e+02
1.534063927413469537e+04
1.250116066285082070e+03
2.304337967154883984e+02
8.347928472665327035e+02
4.766746952336210370e+02
3.593355836705596857e+02
4.468057612777866780e+03
3.336850522141608053e+02
1.491140763895604096e+02
8.909847574938997639e+01
7.348072679996004126e+02
7.596389676107280593e+02
4.146795411869729264e+02
4.533800772557175947e+02
1.114970328070079404e+03
3.822276228111116325e+03
1.477045680042424465e+02
7.120341450440596418e+02
4.361712804816054359e+02
3.439592421029548746e+02
7.280701831645851598e+02
4.944911815658457499e+02
3.709158795950548893e+02
4.172097596456240467e+02
4.135541278452928395e+02
1.057118388748683628e+02
3.645037753886846872e+02
4.667352034496248052e+02
6.537482561783384654e+02
1.690226896106699783e+01
3.150816681015707843e+01
3.214457471464339733e+02
7.920039186534809232e+02
4.476942161916596064e+01
5.786384085717218184e+00
4.584652068412405015e+02
2.309748826581289549e+01
2.503235545908227664e+02
4.948331149156278457e+02
8.656248369962448123e+03
4.930895392680357077e+02
8.856652484895340649e+02
2.381327435361470179e+00
7.466910562834863185e+01
5.845571575906116095e+02
1.276047747021993928e+02
6.775465889388096912e+02
8.314068401817994527e+02
6.999660893465991194e+02
5.362809123341100381e+00
6.163076782782184637e+03
4.021026934923317953e+01
8.177885228493368004e+02
3.230155380286727507e+01
4.101308996293680025e+02
3.830002692832822930e+01
1.205206135266516299e+01
3.302296407398039264e+02
5.318741183270533838e+03
8.075934385332055854e+02
7.999456328177479918e+02
2.418377049551896198e+04
2.437928503362069819e+02
4.977576766703023736e+02
1.031652176012294876e+04
9.496509076330316930e+02
2.803078579276399864e+02
6.879305554346825602e+02
1.061373808200471285e+04
3.520883995757895900e+04
3.744050669617430316e+01
1.796577159617776852e+04
1.079230344173075196e+02
1.544363443071413258e+02
1.791467554965824456e+04
1.182551216381084913e+02
2.268306220206649471e+02
2.039872662885964303e+02
7.617116547399405135e+01
8.516261976923627799e+02
4.292048733943150864e+02
8.067373744278437471e+02
1.649150787597867236e+02
9.179516030833838158e+02
2.481761797230271895e+02
2.447407121222153847e+01
6.591344770279173417e+02
2.315293014238490343e+02
1.230930367691396299e+02
1.617692110261721723e+02
1.601356367406407571e+03
1.074223812255528401e+02
7.518565262271062011e+01
1.938348179829238234e+02
4.005674656786478636e+02
1.742347704409882283e+02
3.684630131619154781e+03
3.289701825100539736e+02
1.253717523570694965e+02
6.420749735230069533e+00
1.344042408086639568e+02
2.894777759704351752e+02
2.155607660149584035e+02
9.543332594720975237e+01
9.380642526694416574e+02
3.084189959791262936e+01
2.043764308583910179e+02
1.967633144412634749e+02
1.347286799451695879e+04
2.913344539473193890e+02
6.906826064352160301e+02
3.067556905467513388e+02
1.942817161683254017e+04
3.183988178631080359e+02
1.442797028448634933e+02
1.483068454404667307e+02
5.951236782685344906e+02
2.991364390065123189e+02
1.006315778494298138e+04
2.638205947987102604e+02
7.705267185361243776e+01
4.231552218541484081e+02
9.886583302595049645e+02
1.118142803913410077e+01
2.011767481966773516e+02
2.225656951590752897e+02
1.098159142366997116e+02
3.556677493344238883e+01
4.567680712109387997e+01
2.284759452312895434e+01
3.480641326967294162e+02
3.981252582798049957e+02
4.554327724009914036e+00
7.685041659766139674e+03
4.871219204079669680e+02
9.048212709276965597e+02
2.087864785443697997e+02
7.353456682991454940e+00
4.699563917647660816e+01
2.577333990422749821e+02
1.110017544554898166e+02
1.109490000006735784e+02
8.202335752475882202e+01
7.170836349086829387e+02
7.435506354939622042e+01
6.059055618794308430e+03
8.080769645111914770e+02
8.132678335376789391e+01
2.643329919705732323e+02
7.660216889425853424e+02
1.032106553080924277e+04
2.611420078530697992e+02
5.215122728480432670e+02
2.222753899640518682e+02
9.449036750463495764e+02
6.008334771128542116e+02
3.165251161565178109e+02
4.249162447188507485e+02
1.965626793363080083e+01
3.666553181810381830e+02
5.706657936138332843e+03
1.391456015484002364e+02
1.755643794334734196e+02
4.161813342222515644e+02
9.095973458281093826e+01
7.460149186097908114e+02
3.299118260895288586e+03
3.673602868149120582e+02
1.035785588096628089e+02
7.148498719924457419e+02
5.491120540789466986e+01
6.118133254823098923e+02
6.581890496538210300e+02
1.876253250442163107e+02
1.116054834514409094e+03
3.368877880290477265e+02
1.491455045823061482e+04
6.320208124126239113e+01
7.733641835764069583e+02
1.511493128026610577e+01
1.082101274295159783e+03
1.666023419117399555e+02
4.783984358543767001e+01
6.014659906929246063e+02
2.925222174946161886e+03
3.168390402447012093e+02
3.888815593867146276e+02
2.364603953319817364e+01
6.701520756402236429e+02
2.878729444867633447e+02
4.283571141607784739e+03
4.480608277595293032e+01
6.320138531534871262e+00
4.088407494346882345e+02
4.409436963227302613e+02
2.561762171448351069e+02
1.909229673519784853e+02
3.117564240786541063e+02
3.243185263043816917e+02
7.908001018770241330e+01
1.722217984054050532e+02
1.355593569015791999e+01
2.971763489502312723e+02
4.671555231355286963e+01
1.116687291986872697e+04
3.100631037583150373e+02
1.051934690657432157e+02
3.238505633456915120e+02
7.844519316551096608e+02
6.451892544477833269e+01
6.111765279180565003e+00
4.078462602089771849e+00
2.217010841550933833e+02
8.352394224419873581e+02
1.801784832731743154e+04
3.810097786612850967e+01
4.561994154493987708e+01
5.550872438865783920e+01
5.936139337918232286e+02
5.761487685590336127e+01
4.541289212097412928e+02
9.676555079186780972e+01
1.314841399742162480e+02
6.464394608515671337e+01
1.874693522624640707e+02
1.000690239409154515e+03
3.645099733926936665e+02
2.828652180724908476e+02
8.435753781324144995e+01
4.779825757742328847e+02
1.971216656568391841e+02
4.783312223593090948e+02
7.115654592949449579e+02
2.043641735222016109e+02
9.076732610648945183e+02
1.801599282198167566e+04
4.700952595652739205e+02
2.912757503171311555e+02
2.047394969147345182e+04
4.309234437077644202e+02
3.831951204447641430e+03
3.019293087837664036e+00
8.674640984691410495e+01
1.746383564662798449e+02
4.318497832716783705e+03
1.234733081127941574e+02
3.634996748541443594e+02
6.134681073198131571e+02
4.192778901840656047e+00
1.043407426824638833e+02
5.098838904678813719e+02
5.200189538703731529e+01
6.769557251056295399e+01
1.181017727329548507e+04
5.084234475583562585e+02
2.111330662416648352e+02
3.447560484061300485e+02
1.726500384160706005e+02
1.114574793762444358e+02
6.139799228987403694e+02
1.499023823169053458e+02
4.713442982407564159e+02
1.457429589899924949e+01
9.454369225251074482e+00
5.124377371262079350e+02
1.195288923070576402e+03
5.848768518846088682e+02
1.142838470482047910e+02
2.124142675557906728e+02
4.278031948487431464e+02
6.298837506046850621e+01
3.472235950286508910e+02
2.886528942078690534e+02
2.961541724831243627e+01
2.318200435636691026e+01
1.471787810166711097e+03
8.003760469763240053e+02
5.406182423422318379e+02
3.273251008108624660e+02
5.619980595569694515e+02
5.274826630915022463e+01
5.490580043513504052e+02
5.249733910567260864e+01
1.833671683944056099e+02
8.685299314482879254e+02
7.798739798915555639e+02
1.453493790623881807e+02
5.529442094382312689e+02
2.539695374516047934e+02
4.638725167178370157e+02
2.014033926445979432e+03
4.061315387439587994e+02
2.613828901096867980e+02
1.107877994491707341e+03
7.101056874175166733e+00
1.078012607855533957e+02
3.107763695360368388e+02
1.046486164437419148e+02
2.357492662174546058e+04
7.809572501053028759e+01
8.252265787612734016e+01
9.199481353143912088e+01
3.242601152372515116e+02
8.078948264928709477e+01
1.575576649664749027e+02
2.773235347292682036e+02
1.052690212378964532e+02
1.090928878194592016e+03
2.352437399069354797e+04
7.937893757245749384e+02
1.103662764822458087e+02
3.551834489938291881e+02
7.875751904990333969e+02
2.881489425550973138e+01
8.647446569573200748e+01
2.755885144951761845e+02
2.719960846341642764e+02
7.933060028939306108e+01
2.000927914206226035e+02
4.505482499278979702e+01
1.607251442964431192e+02
5.868834253297901569e+02
7.230131711532874306e+02
9.135404700269159548e+02
9.324304315628384074e+02
2.497137738051769338e+04
8.513356964050507258e+01
1.775669673358997329e+02
2.746930472976338411e+00
1.227222795640289945e+02
3.965309234967701855e+02
3.048677062072374042e+02
8.162442826789657602e+02
7.702537315985447322e+02
1.485885437074137189e+04
6.217997489586672373e+02
4.445976358037508476e+02
4.500513200048692966e+02
1.093857921701857413e+04
3.949164133386005915e+02
2.146603405820488319e+02
1.040905934943633895e+02
1.530171564839308758e+02
2.197073111578094426e+02
9.182154694343432766e+01
2.181195220281199099e+01
6.318098921897224045e+02
6.998428623269614945e+01
4.365937047259126302e+01
1.493066883686949222e+04
1.287860125936360419e+03
1.085948771790560272e+02
9.176797664401536849e+02
1.275637545246870985e+01
1.953684896942347109e+02
5.419858041811820613e+02
1.975971764541771734e+02
1.663504407797888121e+02
8.225211806613958743e+01
6.910460788661130493e+01
9.660290154217169402e+03
5.271906186471478684e+00
4.702578052326135207e+02
6.682328777518807783e+02
5.109184791405741066e+02
8.156206406330272785e+02
7.493231208557578782e+01
7.368874512638710712e+02
2.663205966787913894e+02
2.042539257268562949e+02
8.011740761322479898e+01
6.124612531616023148e+01
6.251643298915643499e+01
4.950723584687954713e+02
1.456715702260296439e+02
1.777036975219230044e+02
2.853563718489231604e+01
5.570642584617173725e+02
7.783803897486725418e+02
9.291515769564053784e+00
2.917454363468293081e+02
5.190913097256330211e+00
9.360100101532688655e+01
9.328765235196725314e+01
8.231699528646107922e+01
1.151724046223979627e+02
2.370765871873234971e+02
7.631289040415937279e+02
3.300656064504957499e+02
5.199676979239216479e+01
5.628984755432289830e+02
3.910213045039747158e+03
4.426807446871265483e+02
1.797123977515716930e+01
8.171426584584802413e+02
8.391518076974224982e+01
4.484072729777719815e+02
2.900378171670961365e+02
4.857606581078641739e+01
7.032227911099658968e+02
2.737361412764341821e+02
7.076102565969932812e+01
1.470475084351178054e+02
1.063217606480671520e+03
3.442710046737101379e+02
5.038303704992316057e+02
2.691481521363247111e+02
5.271885849463641307e+02
1.833799991036778465e+02
1.709413154471980789e+01
9.509942770262972545e+01
5.982263981373731667e+02
2.010709308187413171e+02
9.290602599414149836e+02
5.489166832902567421e+02
2.669670023158046774e+02
4.682576473788350881e+02
7.924788846964804634e+02
1.406601631352747290e+02
1.640805977607249133e+01
1.083729735137656007e+02
2.003014257242992358e+02
2.279579164324682665e+02
3.465388764886404260e+02
3.018992318630242835e+02
2.833038789924520984e+02
8.363265437748086129e+01
1.640089034845696148e+01
1.471420496968105951e+01
6.999726016118354437e+02
6.679696029353999620e+02
3.257571345715643218e+01
3.412577353650532785e+01
6.284144756127413984e+02
9.460271891175651035e+03
3.540243975316533920e+02
7.438003604414435586e+02
5.001616570551082646e+02
7.374113276933703887e+00
2.536174629532425797e+02
3.858573280102669969e+02
6.663393991215684764e+02
2.090527376962748463e+02
6.766778025467656335e+02
2.061580090374124552e+02
8.489401036274716716e+01
2.834719915186211665e+02
4.209079210787582781e+01
1.673656813565505530e+01
4.804057462986051519e+02
8.371130860187630560e+02
7.247456316360209030e+02
1.574898711372981630e+01
3.985141377000004468e+02
3.258457290936192408e+02
1.398373568665519997e+03
6.721293542686158844e+02
5.882827504252541075e+02
5.930117398159970890e+02
1.683662517774022490e+03
1.600721040267096953e+02
1.046105518103985901e+02
2.804535304396412698e+02
2.065688206171390675e+02
4.214838410960015267e+02
7.697494603737901286e+01
1.982955892843531558e+02
8.917721088362021646e+02
4.131457139110332122e+01
9.003408530814769506e+01
1.606188398921847948e+01
1.625341170906697812e+02
3.397203071181667724e+02
2.748791243014248664e+01
5.181859860670682139e+01
2.703788017631363232e+02
3.887243812252987141e+02
5.858924010961917475e+02
4.738330427807103433e+02
9.055822090096731927e+02
2.896119474936750038e+01
2.294514249913620461e+02
7.262733058433173028e+01
3.780622361383795749e+01
3.965920411893840480e+01
7.519293840224595442e+02
4.248356467295810717e+02
6.782854248990773272e+01
4.186211565142307904e+02
2.409796380125864346e+01
3.167222825607518075e+02
2.287984205755813605e+02
7.833626970893077441e+02
6.234333909971127241e+02
5.396474392143745717e+02
7.118224339818753776e+01
2.847885740936246179e+02
7.532787434359348708e+02
7.041137491612405483e+02
4.614052175985527811e+02
1.312894439677737353e+02
5.470704998758308193e+02
6.104049118983074322e+02
2.074093105034471591e+02
3.774977357398297784e+01
2.025389013651957271e+02
1.125419226411234774e+02
1.068955566043886876e+02
2.160416420436663714e+02
7.499807499290447765e+00
4.063004192972460942e+02
3.312984769255415358e+03
2.782789468933181638e+02
5.022813828945655246e+02
1.174510791979665782e+02
3.071463864594435336e+02
2.297024512007283903e+01
1.058154816622514574e+02
2.805902294182735659e+02
1.755607012532747433e+02
2.711108261755482999e+03
1.918428920963410201e+04
1.031792115118855548e+02
5.705024833460141664e+00
3.965172241017173178e+02
4.745455459855893992e+02
3.171782294146997810e+04
2.041584782501342943e+02
2.554947893450865877e+02
5.971828066771254271e+02
1.340485757760762908e+02
7.135909943455460507e+02
1.946533157043742506e+02
6.899100012177224244e+02
2.661764479913804848e+02
3.826111647608573776e+02
3.756533152503279780e+02
3.967196487865151653e+02
1.222776342051271570e+02
1.567578197899833299e+02
2.426236604212887755e+02
3.581830905734796602e+02
1.590550536852882146e+02
4.279906197652031210e+02
2.641979942171880680e+01
2.243770965243027433e+02
4.461187667300597468e+02
2.182106922554272188e+01
3.591834674658994686e+02
1.492850034537063095e+02
5.298749150443831604e+04
3.097847933215618923e+02
6.410330437259192138e+01
2.332006442314981314e+02
8.427523840499485175e+01
2.669301107589621438e+02
1.734066929349710051e+02
2.254619717645828132e+02
7.448489730942870892e+02
9.091590590777053649e+01
2.826204808925270129e+01
4.333213070065175089e+03
7.987563696802131972e+02
1.866127544370502801e+04
2.118914320799651989e+02
7.499463761159283592e+00
5.994093333494255376e+02
1.205510390926772573e+02
5.187425204136212642e+01
1.325062165120692771e+04
3.963631479649009748e+01
5.299580322092554496e+01
3.806970044620261717e+01
3.412975033608047966e+02
1.130857485882481512e+02
1.383831097897626989e+02
1.405860238804482343e+01
1.091005677742206672e+03
7.167171045947956998e+01
5.998470710201712564e+02
1.582845894188455702e+02
9.633309195064947517e+01
7.229538886209546718e+02
1.170773449908403308e+02
3.648787975428634240e+02
5.211003840838849328e+02
1.645274807143841258e+02
1.067001917812726930e+02
1.247320437110312668e+02
9.254494957829163582e+01
8.694389711116260742e+02
1.886198104152457518e+03
1.175645408529977232e+02
8.405696196482953297e+00
2.338879139183161016e+01
9.390273235450958111e+01
7.152213966226576076e+02
2.276431591759359563e+01
1.005061414112221655e+03
3.108515950416920646e+02
6.518730615141629414e+02
8.379551190800376048e+01
1.757133104983414000e+02
1.609150844988981248e+02
5.877900027195744315e+01
2.696793764781876916e+02
1.431890182711527757e+02
8.059401466289966720e+01
8.115461049622787471e+01
4.380912250883351362e+02
2.527151704173418523e+02
6.597614765005031359e+02
2.576758116009978039e+02
2.922499172713979760e+02
1.043718461776446020e+04
2.189996833281687429e+02
8.569096141952610424e+01
3.113940142005115490e+02
6.024400303227604354e+02
1.903875400384768284e+02
3.610359397732121778e+01
6.394930063709698231e+01
1.554001271889139524e+01
7.798700769971740101e+02
4.412612946432975605e+02
8.118089261377596131e+02
4.592865635940836455e+02
3.545322882405168343e+02
6.759496578013347516e+02
5.417583960078865175e+02
3.677691088257533636e+01
4.576371323472619679e+01
5.299050465604390183e+02
2.347169314188487306e+02
5.542490113349352896e+02
5.169301340702430707e+02
2.550641880390407223e+01
4.864096072351067619e+02
2.673444294150340639e+01
2.968119641026306610e+01
1.882514239943678263e+02
1.749396601610496305e+01
3.062013222422620311e+04
6.676209805569057210e+01
6.314637169999664401e+00
3.609760012882991305e+02
3.568121181490730010e+01
1.565704888440313525e+01
1.180694255867523026e+02
3.254236437990606987e+02
5.249287772010435447e+02
7.887403021558108129e+00
2.802354297917738677e+02
2.398743755020615254e+01
2.708270627462717925e+02
4.791741887511223297e+01
8.943461785499675898e+03
2.889924828863186121e+02
4.552095532612356124e+02
4.213880033614530021e+02
6.586136440481000420e+01
1.157979163627272783e+03
7.323359062164830675e+02
9.572418580971652773e+02
1.744694869110023774e+02
1.088743533391705023e+04
2.555201122365342030e+02
1.799766505548754765e+02
3.023071786890652390e+01
5.832984946529183617e+03
3.408805071086523952e+01
2.819673164161290515e+02
1.023001967532216483e+01
1.016754037160906563e+02
1.184140009612801236e+02
2.110890848870471359e+02
5.170087957472373091e+04
1.097885659627244337e+02
6.250786075791651086e+01
1.035496350305288473e+02
2.653428099913658134e+00
4.957441483922507075e+01
4.326974116689086713e+02
3.942877613679697788e+02
7.967520044036588445e+01
9.726306576431637723e+02
4.069319549249646570e+02
4.615095681602058875e+01
5.575672821393355605e+01
2.298890369391414978e+01
1.033146529593109335e+04
1.333010329541261854e+02
7.640306717861175230e+02
1.230445911712777524e+04
7.485101257394843799e+01
5.276449894419542943e+02
1.580403493088416326e+03
2.092534686387874387e+01
5.797438309861502148e+01
8.718718916463811865e+02
2.132753613784247193e+02
6.668878885778481447e+01
2.547321764988005555e+01
1.621192325225378283e+02
4.523757407542028659e+02
1.324761856047252331e+04
5.930482202864101282e+01
1.975001468726736320e+01
1.784243252000066207e+02
1.415907417493830280e+02
1.876585123247064644e+02
3.157168862216417438e+01
2.745118855849773354e+03
2.425609509812596798e+01
1.768159143520712178e+02
6.108630667923883948e+02
9.249755920068233763e+02
9.752806643294938738e+01
2.646118170076897059e+03
8.028482496323020712e+01
3.080876637003461127e+01
1.377140053828483701e+02
1.993946828999151251e+02
5.875159519435965194e+02
4.384849999462001620e+02
2.628003714759454468e+01
4.961787999262929247e+02
1.752166790236559279e+02
1.037361965910038322e+02
3.050766999948140210e+02
2.735426524519971814e+00
5.824578942079572244e+02
7.827300355397501619e+01
6.340168202431641475e+02
1.592549311794751929e+02
1.973541674834588946e+02
3.241140710497388682e+02
2.171755795158023972e+01
1.993861021380227248e+04
6.368749562953111081e+02
7.518867426691474520e+02
1.416922864263147630e+03
1.322576210353602448e+02
1.546777640671088960e+01
7.590909239404624032e+00
5.731602531906986542e+01
2.063291279681761239e+02
1.427135763658354506e+02
2.978607984818808291e+03
8.273106099440546757e+01
7.071152553866314747e+02
3.814734927601564323e+02
4.133927672554418109e+02
6.605528805535756476e+01
6.235677955899225253e+02
3.413424590340048326e+02
2.418800169751167175e+02
8.016193463796782908e+02
5.023286646418048917e+02
1.393230957876611740e+02
4.695776894226841023e+02
6.658883671924812688e+02
1.062536218552326682e+04
2.390757613439131717e+02
1.088689522501808682e+02
1.674635834679074264e+02
2.930568496947082622e+02
3.157252778394723123e+02
7.553247261509059740e+01
6.902239790011186642e+02
1.956722742311400509e+02
2.083023556921059935e+03
3.692486103651719986e+02
2.206758398449589731e+04
5.263907411629120361e+02
5.283985427925469658e+00
5.665770751811891159e+02
3.597076881181969839e+02
2.001640440950007189e+02
1.030807302086795545e+02
1.431634403676032186e+01
4.540009583947370402e+02
3.377034635218147400e+02
5.403010750317689599e+02
2.038465716673824346e+01
3.893875963391898232e+00
2.605685835379975970e+02
3.948317929754323607e+00
2.235087829247246134e+02
4.156011625950584971e+02
5.467937353302942256e+02
1.802861626705138860e+03
4.125098399925510648e+02
1.177787236921447800e+02
1.012439424705373803e+01
2.860949421233787007e+02
9.503098894758001052e+02
1.026717631716899035e+02
7.534302293855816970e+02
2.815833385678430432e+02
7.635407102599778284e+01
1.077234677442018267e+02
1.945558935903936344e+03
2.568475400308985172e+03
4.850984735264611913e+02
6.958658686235476125e+03
2.629021165993756881e+02
1.120321495976723156e+02
4.485679185612771107e+02
4.017695339391760854e+02
3.902183629177713442e+02
5.295945340146485023e+02
2.822479951160207179e+02
2.464726878067170333e+02
9.871865639202277407e+02
1.075904879471719369e+02
1.889346596951916695e+02
2.453888372520322889e+02
1.022033197767285969e+03
2.155233874369550620e+02
6.731771225376606083e+01
8.210310558965097698e+02
5.843334124650049688e+01
7.313627919857317750e+01
9.113834043158033182e+01
3.370963594598638906e+02
3.329587163126514042e+02
2.524287310530742729e+02
4.276694019731202445e+00
3.462940978213177459e+03
7.710645317420282652e+01
3.258340632184642232e+02
3.389184564557442627e+02
5.497132006152052774e+00
3.654105078995749523e+02
2.328492997206977577e+02
1.384522778742405364e+02
7.397460545827883038e+01
6.280431542842152481e+01
1.026099447552917445e+04
7.449609234586438333e+02
7.821429169369325507e+01
9.480816414901039025e+03
5.905485335001538942e+02
1.642197123927834568e+01
3.803504009949564306e+02
8.035814328644719353e+02
6.673893884691799485e+02
5.173346757545032233e+02
9.924758711868070122e+02
2.072217652298789471e+04
2.844189137338221371e+02
4.583570409029054531e+02
2.482719812972885052e+02
1.727880781686789931e+02
1.110884339112739525e+02
6.330279035843830570e+03
5.415264521211253879e+01
6.891557169411115069e+01
1.272139636614560686e+03
9.192513072371681915e+01
3.390312825116133126e+02
1.730690781320238614e+02
5.177967520919698927e+02
4.758997746723714499e+02
4.589695431292972216e+02
1.264776439674067632e+02
1.263860609069220686e+02
3.768458526304337308e+00
5.114825377718130994e+01
4.659385835795504249e+02
1.818478659838039846e+01
1.659525883342292332e+02
3.208208875887189038e+02
1.554521269655652532e+03
1.376136156615572759e+02
2.247146727212468613e+04
7.524275774092541447e+00
1.777464292796291261e+02
8.227569581198811477e+01
7.833818963644587257e+02
1.843770602897966171e+01
8.699406305405764783e+01
3.364643936195971037e+02
9.753192704525665704e+02
