2.937776861676016793e+01
2.813941881971982895e+01
1.706458422853499712e+01
1.002634998818713896e+01
9.462313512507252611e+00
1.448688271336196642e+01
2.946439324417176309e+01
6.258591103440018344e+00
1.844367107231431646e+01
1.728724763541149301e+01
1.185090691564174392e+01
2.569409211632584444e+01
6.859938542187389743e+00
1.690226896106699783e+01
5.786384085717218184e+00
2.309748826581289549e+01
2.381327435361470179e+00
5.362809123341100381e+00
1.205206135266516299e+01
2.447407121222153847e+01
6.420749735230069533e+00
1.118142803913410077e+01
2.284759452312895434e+01
4.554327724009914036e+00
7.353456682991454940e+00
1.965626793363080083e+01
1.511493128026610577e+01
2.364603953319817364e+01
6.320138531534871262e+00
1.355593569015791999e+01
6.111765279180565003e+00
4.078462602089771849e+00
3.019293087837664036e+00
4.192778901840656047e+00
1.457429589899924949e+01
9.454369225251074482e+00
2.961541724831243627e+01
2.318200435636691026e+01
7.101056874175166733e+00
2.881489425550973138e+01
2.746930472976338411e+00
2.181195220281199099e+01
1.275637545246870985e+01
5.271906186471478684e+00
2.853563718489231604e+01
9.291515769564053784e+00
5.190913097256330211e+00
1.797123977515716930e+01
1.709413154471980789e+01
1.640805977607249133e+01
1.640089034845696148e+01
1.471420496968105951e+01
7.374113276933703887e+00
1.673656813565505530e+01
1.574898711372981630e+01
1.606188398921847948e+01
2.748791243014248664e+01
2.896119474936750038e+01
2.409796380125864346e+01
7.499807499290447765e+00
2.297024512007283903e+01
5.705024833460141664e+00
2.641979942171880680e+01
2.182106922554272188e+01
2.826204808925270129e+01
7.499463761159283592e+00
1.405860238804482343e+01
8.405696196482953297e+00
2.338879139183161016e+01
2.276431591759359563e+01
1.554001271889139524e+01
2.550641880390407223e+01
2.673444294150340639e+01
2.968119641026306610e+01
1.749396601610496305e+01
6.314637169999664401e+00
1.565704888440313525e+01
7.887403021558108129e+00
2.398743755020615254e+01
1.023001967532216483e+01
2.653428099913658134e+00
2.298890369391414978e+01
2.092534686387874387e+01
2.547321764988005555e+01
1.975001468726736320e+01
2.425609509812596798e+01
2.628003714759454468e+01
2.735426524519971814e+00
2.171755795158023972e+01
1.546777640671088960e+01
7.590909239404624032e+00
5.283985427925469658e+00
1.431634403676032186e+01
2.038465716673824346e+01
3.893875963391898232e+00
3.948317929754323607e+00
1.012439424705373803e+01
4.276694019731202445e+00
5.497132006152052774e+00
1.642197123927834568e+01
3.768458526304337308e+00
1.818478659838039846e+01
7.524275774092541447e+00
1.843770602897966171e+01
